ts_code,date,open,high,low,close,pre_close,change,pct_chg,vol,amount
605588.SH,2021-08-12,32.64,39.17,32.64,39.17,27.2,11.970000000000002,44.01,1138.6,4482.033
605588.SH,2021-08-13,43.09,43.09,43.09,43.09,39.17,3.9200000000000017,10.01,371.09,1611.644
605588.SH,2021-08-16,47.39,47.39,47.39,47.39,43.09,4.299999999999997,9.98,3827.47,18283.824
605588.SH,2021-08-17,52.13,52.13,52.13,52.13,47.39,4.740000000000002,10.0,2886.36,15167.822
605588.SH,2021-08-18,57.35,57.35,51.59,57.35,52.13,5.219999999999999,10.01,80664.43,455750.906
605588.SH,2021-08-19,57.54,63.09,56.53,63.09,57.35,5.740000000000002,10.01,105857.19,657636.451
605588.SH,2021-08-20,56.78,57.53,56.78,56.78,63.09,-6.310000000000002,-10.0,20675.0,118339.962
605588.SH,2021-08-23,51.1,58.88,51.1,55.16,56.78,-1.6200000000000045,-2.85,79134.24,427796.629
605588.SH,2021-08-24,53.11,60.5,52.19,57.84,55.16,2.680000000000007,4.86,73929.31,419715.632
605588.SH,2021-08-25,56.54,60.12,54.27,54.29,57.84,-3.5500000000000043,-6.14,62266.0,352127.405
605588.SH,2021-08-26,55.06,55.46,51.3,51.4,54.29,-2.8900000000000006,-5.32,50412.95,267238.307
605588.SH,2021-08-27,49.71,50.5,48.29,49.46,51.4,-1.9399999999999977,-3.77,36233.0,180487.292
605588.SH,2021-08-30,47.62,49.71,47.5,47.83,49.46,-1.6300000000000026,-3.3,32339.28,157642.311
605588.SH,2021-08-31,47.86,49.29,46.43,49.18,47.83,1.3500000000000014,2.82,32679.97,158365.21
605588.SH,2021-09-01,48.41,48.45,45.07,45.7,49.18,-3.479999999999997,-7.08,31094.62,146347.061
605588.SH,2021-09-02,44.73,46.71,44.66,45.93,45.7,0.22999999999999687,0.5,21383.93,98378.021
605588.SH,2021-09-03,45.81,46.56,45.24,45.66,45.93,-0.2700000000000031,-0.59,18397.72,85075.491
605588.SH,2021-09-06,45.32,47.58,45.24,47.4,45.66,1.740000000000002,3.81,25016.63,118363.122
605588.SH,2021-09-07,46.76,48.1,46.41,47.24,47.4,-0.1599999999999966,-0.34,20995.74,99654.603
605588.SH,2021-09-08,46.79,47.8,46.79,47.09,47.24,-0.14999999999999858,-0.32,15575.99,73962.338
605588.SH,2021-09-09,46.88,47.12,44.66,44.74,47.09,-2.3500000000000014,-4.99,26547.92,121620.212
605588.SH,2021-09-10,44.74,47.12,43.86,46.52,44.74,1.7800000000000011,3.98,32224.06,147648.123
605588.SH,2021-09-13,46.08,46.08,44.44,44.55,46.52,-1.970000000000006,-4.23,20133.33,90984.289
605588.SH,2021-09-14,44.2,45.21,44.2,44.84,44.55,0.29000000000000625,0.65,14198.46,64109.396
605588.SH,2021-09-15,44.71,45.7,44.09,44.94,44.84,0.09999999999999432,0.22,12362.0,56028.777
605588.SH,2021-09-16,44.99,45.14,42.72,42.77,44.94,-2.1699999999999946,-4.83,18517.74,81782.894
605588.SH,2021-09-17,42.77,43.73,41.78,43.02,42.77,0.25,0.58,14099.13,60653.984
605588.SH,2021-09-22,42.66,43.28,42.16,42.34,43.02,-0.6799999999999997,-1.58,8930.0,38403.058
605588.SH,2021-09-23,42.03,43.1,41.99,42.36,42.34,0.01999999999999602,0.05,10123.0,43348.789
605588.SH,2021-09-24,42.14,42.56,40.58,40.66,42.36,-1.7000000000000028,-4.01,14371.13,59873.529
605588.SH,2021-09-27,40.77,41.45,39.39,39.54,40.66,-1.1199999999999974,-2.75,10238.0,41540.473
605588.SH,2021-09-28,39.43,40.13,39.19,39.85,39.54,0.3100000000000023,0.78,8717.13,34859.506
605588.SH,2021-09-29,40.05,42.66,39.85,40.62,39.85,0.769999999999996,1.93,13780.0,56998.445
605588.SH,2021-09-30,40.67,41.42,40.09,40.56,40.62,-0.05999999999999517,-0.15,8497.5,34813.933
605588.SH,2021-10-08,40.97,41.81,40.67,41.76,40.56,1.1999999999999957,2.96,9008.51,37505.225
605588.SH,2021-10-11,41.19,42.59,41.19,42.21,41.76,0.45000000000000284,1.08,10004.0,42257.369
605588.SH,2021-10-12,41.88,42.14,40.67,41.32,42.21,-0.8900000000000006,-2.11,7411.0,30893.759
605588.SH,2021-10-13,41.55,42.16,41.17,42.05,41.32,0.7299999999999969,1.77,6718.0,28344.505
605588.SH,2021-10-14,42.19,42.43,41.27,41.73,42.05,-0.3200000000000003,-0.76,6493.0,27247.386
605588.SH,2021-10-15,41.67,43.14,41.27,41.85,41.73,0.12000000000000455,0.29,12102.5,51453.384
605588.SH,2021-10-18,41.47,41.84,40.87,41.11,41.85,-0.740000000000002,-1.77,7474.0,31048.416
605588.SH,2021-10-19,41.47,45.22,41.47,45.22,41.11,4.109999999999999,10.0,21918.0,97607.596
605588.SH,2021-10-20,45.13,46.38,43.58,43.72,45.22,-1.5,-3.32,35645.25,160282.061
605588.SH,2021-10-21,43.35,44.54,43.21,43.93,43.72,0.21000000000000085,0.48,17961.25,79475.821
605588.SH,2021-10-22,43.35,43.91,42.66,42.66,43.93,-1.2700000000000031,-2.89,14706.43,63983.578
605588.SH,2021-10-25,42.37,43.38,41.88,43.31,42.66,0.6500000000000057,1.52,11366.0,49039.264
605588.SH,2021-10-26,42.54,42.65,39.79,39.99,43.31,-3.3200000000000003,-7.67,25254.18,103378.402
605588.SH,2021-10-27,39.58,39.68,37.26,37.72,39.99,-2.270000000000003,-5.68,17199.0,66019.998
605588.SH,2021-10-28,37.72,37.97,36.39,36.58,37.72,-1.1400000000000006,-3.02,10271.0,38344.183
605588.SH,2021-10-29,36.78,37.32,36.51,36.99,36.58,0.4100000000000037,1.12,6987.0,26071.662
605588.SH,2021-11-01,36.72,37.68,36.58,37.29,36.99,0.29999999999999716,0.81,8749.0,32827.975
605588.SH,2021-11-02,37.17,38.45,36.9,37.44,37.29,0.14999999999999858,0.4,12241.0,46388.438
605588.SH,2021-11-03,37.07,38.1,37.07,37.95,37.44,0.5100000000000051,1.36,8628.0,32786.727
605588.SH,2021-11-04,38.13,38.13,37.71,38.05,37.95,0.09999999999999432,0.26,7768.0,29720.68
605588.SH,2021-11-05,38.01,39.34,37.94,39.05,38.05,1.0,2.63,14213.0,55671.68
605588.SH,2021-11-08,38.69,38.87,38.19,38.74,39.05,-0.30999999999999517,-0.79,8712.0,33835.841
605588.SH,2021-11-09,38.67,39.37,38.47,39.17,38.74,0.4299999999999997,1.11,8539.0,33645.673
605588.SH,2021-11-10,39.08,39.38,38.79,39.27,39.17,0.10000000000000142,0.26,7960.0,31391.287
605588.SH,2021-11-11,39.19,41.07,38.89,40.28,39.27,1.009999999999998,2.57,13694.13,55387.157
605588.SH,2021-11-12,40.16,42.86,40.04,41.97,40.28,1.6899999999999977,4.2,19827.14,82779.5
605588.SH,2021-11-15,41.9,42.64,41.47,42.47,41.97,0.5,1.19,14314.0,60924.459
605588.SH,2021-11-16,42.52,42.92,41.08,41.14,42.47,-1.3299999999999983,-3.13,15094.09,63740.37
605588.SH,2021-11-17,41.1,44.03,40.98,43.6,41.14,2.460000000000001,5.98,22106.92,95910.41
605588.SH,2021-11-18,43.11,43.53,41.96,42.04,43.6,-1.5600000000000023,-3.58,13577.92,58189.747
605588.SH,2021-11-19,41.67,42.6,41.58,42.1,42.04,0.060000000000002274,0.14,7958.92,33818.294
605588.SH,2021-11-22,42.07,43.99,41.58,43.79,42.1,1.6899999999999977,4.01,16148.0,70626.265
605588.SH,2021-11-23,44.15,44.15,43.15,43.87,43.79,0.0799999999999983,0.18,11972.0,52587.757
605588.SH,2021-11-24,44.0,44.24,43.1,43.81,43.87,-0.05999999999999517,-0.14,9739.0,42864.676
605588.SH,2021-11-25,43.77,44.2,42.91,43.75,43.81,-0.060000000000002274,-0.14,12032.0,53000.272
605588.SH,2021-11-26,43.71,43.71,42.25,42.33,43.75,-1.4200000000000017,-3.25,11938.0,51291.67
605588.SH,2021-11-29,41.67,43.12,41.51,42.79,42.33,0.46000000000000085,1.09,7389.0,31779.974
605588.SH,2021-11-30,43.39,45.63,43.39,43.67,42.79,0.8800000000000026,2.06,18522.0,82738.664
605588.SH,2021-12-01,43.68,45.34,43.68,44.64,43.67,0.9699999999999989,2.22,17681.0,79853.086
605588.SH,2021-12-02,44.64,45.08,43.65,43.69,44.64,-0.9500000000000028,-2.13,12234.0,54558.486
605588.SH,2021-12-03,43.72,44.15,42.74,42.81,43.69,-0.8799999999999955,-2.01,9033.0,39288.138
605588.SH,2021-12-06,42.98,42.98,39.98,40.47,42.81,-2.3400000000000034,-5.47,13796.0,57062.018
605588.SH,2021-12-07,40.61,40.76,39.38,39.98,40.47,-0.490000000000002,-1.21,6609.0,26544.318
605588.SH,2021-12-08,39.98,41.09,39.82,40.21,39.98,0.23000000000000398,0.58,7801.0,31852.221
605588.SH,2021-12-09,40.28,40.81,40.09,40.42,40.21,0.21000000000000085,0.52,6016.39,24530.556
605588.SH,2021-12-10,40.27,40.73,40.08,40.42,40.42,0.0,0.0,5089.39,20742.983
605588.SH,2021-12-13,40.42,40.44,39.84,40.29,40.42,-0.13000000000000256,-0.32,6047.0,24465.637
605588.SH,2021-12-14,40.18,40.84,39.79,40.59,40.29,0.30000000000000426,0.74,6404.0,26163.231
605588.SH,2021-12-15,40.89,40.89,40.5,40.53,40.59,-0.060000000000002274,-0.15,5572.0,22819.774
605588.SH,2021-12-16,41.16,41.66,40.57,41.24,40.53,0.7100000000000009,1.75,9594.0,39745.796
605588.SH,2021-12-17,40.63,40.93,40.0,40.14,41.24,-1.1000000000000014,-2.67,7496.0,30428.42
605588.SH,2021-12-20,39.88,40.18,38.87,38.92,40.14,-1.2199999999999989,-3.04,6714.39,26744.055
605588.SH,2021-12-21,38.75,39.34,38.75,39.23,38.92,0.30999999999999517,0.8,3974.0,15676.151
605588.SH,2021-12-22,39.24,40.15,39.24,39.87,39.23,0.6400000000000006,1.63,5493.0,22046.649
605588.SH,2021-12-23,39.68,39.68,39.0,39.19,39.87,-0.6799999999999997,-1.71,5156.0,20442.273
605588.SH,2021-12-24,39.48,39.76,37.75,37.83,39.19,-1.3599999999999994,-3.47,8979.09,34728.996
605588.SH,2021-12-27,37.83,38.55,37.31,38.13,37.83,0.30000000000000426,0.79,4799.0,18387.534
605588.SH,2021-12-28,38.34,38.79,37.77,38.59,38.13,0.46000000000000085,1.21,3626.0,14098.659
605588.SH,2021-12-29,38.53,39.19,38.03,38.55,38.59,-0.04000000000000625,-0.1,6232.57,24222.932
605588.SH,2021-12-30,38.55,39.35,38.54,39.09,38.55,0.5400000000000063,1.4,6062.0,23907.401
605588.SH,2021-12-31,39.29,39.42,38.8,39.1,39.09,0.00999999999999801,0.03,3613.0,14250.4
605588.SH,2022-01-04,38.99,39.63,38.97,39.43,39.1,0.3299999999999983,0.84,5213.0,20651.209
605588.SH,2022-01-05,39.38,39.68,38.56,38.83,39.43,-0.6000000000000014,-1.52,5695.26,22353.167
605588.SH,2022-01-06,38.56,39.57,38.26,39.39,38.83,0.5600000000000023,1.44,5998.0,23681.756
605588.SH,2022-01-07,39.39,39.51,38.72,39.0,39.39,-0.39000000000000057,-0.99,5341.0,21027.027
605588.SH,2022-01-10,39.0,40.38,38.41,40.2,39.0,1.2000000000000028,3.08,12380.0,49468.189
605588.SH,2022-01-11,40.06,40.3,39.52,39.6,40.2,-0.6000000000000014,-1.49,7852.0,31512.656
605588.SH,2022-01-12,39.61,40.02,39.58,39.97,39.6,0.36999999999999744,0.93,6226.0,24997.385
605588.SH,2022-01-13,39.97,40.12,39.56,39.65,39.97,-0.3200000000000003,-0.8,5716.0,22924.921
605588.SH,2022-01-14,39.53,39.98,38.77,38.77,39.65,-0.8799999999999955,-2.22,7528.0,29874.236
605588.SH,2022-01-17,38.68,40.57,38.49,40.16,38.77,1.3899999999999935,3.59,9945.0,40079.634
605588.SH,2022-01-18,40.08,40.35,39.09,39.15,40.16,-1.009999999999998,-2.51,8265.0,32977.906
605588.SH,2022-01-19,39.15,39.52,38.93,39.44,39.15,0.28999999999999915,0.74,5020.0,19861.237
605588.SH,2022-01-20,39.31,39.31,37.58,37.69,39.44,-1.75,-4.44,10610.0,40827.616
605588.SH,2022-01-21,37.7,37.83,37.03,37.3,37.69,-0.39000000000000057,-1.03,4739.0,17805.082
605588.SH,2022-01-24,36.86,37.54,36.82,37.18,37.3,-0.11999999999999744,-0.32,3271.0,12300.474
605588.SH,2022-01-25,37.0,37.47,35.48,35.62,37.18,-1.5600000000000023,-4.2,6614.0,24205.397
605588.SH,2022-01-26,35.38,36.18,35.38,35.81,35.62,0.19000000000000483,0.53,3023.35,10935.37
605588.SH,2022-01-27,35.77,36.15,34.18,34.18,35.81,-1.6300000000000026,-4.55,5706.0,20078.818
605588.SH,2022-01-28,34.71,35.37,34.43,35.13,34.18,0.9500000000000028,2.78,5289.0,18609.398
605588.SH,2022-02-07,35.7,36.05,35.35,35.82,35.13,0.6899999999999977,1.96,2932.0,10562.283
605588.SH,2022-02-08,35.86,36.53,35.53,36.5,35.82,0.6799999999999997,1.9,3898.0,14227.992
605588.SH,2022-02-09,36.33,36.73,36.31,36.56,36.5,0.060000000000002274,0.16,4109.0,15128.458
605588.SH,2022-02-10,36.55,36.86,36.33,36.61,36.56,0.04999999999999716,0.14,3367.0,12407.076
605588.SH,2022-02-11,36.41,36.66,35.7,35.73,36.61,-0.8800000000000026,-2.4,4145.0,15030.935
605588.SH,2022-02-14,35.5,36.19,35.35,35.73,35.73,0.0,0.0,2490.0,8989.07
605588.SH,2022-02-15,35.73,36.83,35.73,36.27,35.73,0.5400000000000063,1.51,4379.0,16064.049
605588.SH,2022-02-16,36.61,36.8,36.43,36.59,36.27,0.3200000000000003,0.88,3540.0,13066.717
605588.SH,2022-02-17,36.88,36.88,36.22,36.34,36.59,-0.25,-0.68,3359.0,12364.686
605588.SH,2022-02-18,36.22,36.54,35.98,36.39,36.34,0.04999999999999716,0.14,2620.0,9589.987
605588.SH,2022-02-21,36.4,36.85,36.4,36.75,36.39,0.35999999999999943,0.99,3062.0,11322.712
605588.SH,2022-02-22,36.71,36.96,35.85,36.46,36.75,-0.28999999999999915,-0.79,3757.0,13749.87
605588.SH,2022-02-23,36.34,37.38,36.34,37.28,36.46,0.8200000000000003,2.25,6720.0,25131.466
605588.SH,2022-02-24,37.1,37.63,35.84,36.35,37.28,-0.9299999999999997,-2.49,7021.0,26014.296
605588.SH,2022-02-25,36.62,37.12,36.42,36.52,36.35,0.1700000000000017,0.47,3416.0,12654.0
605588.SH,2022-02-28,36.52,36.6,35.76,36.09,36.52,-0.4299999999999997,-1.18,3728.0,13538.455
605588.SH,2022-03-01,36.41,36.59,36.09,36.33,36.09,0.23999999999999488,0.67,3291.0,12063.398
605588.SH,2022-03-02,36.33,36.5,36.07,36.5,36.33,0.1700000000000017,0.47,2841.0,10412.683
605588.SH,2022-03-03,36.51,36.76,35.9,36.06,36.5,-0.4399999999999977,-1.21,3809.0,13940.562
605588.SH,2022-03-04,35.92,36.3,35.66,35.7,36.06,-0.35999999999999943,-1.0,4183.0,15161.556
605588.SH,2022-03-07,35.51,35.57,34.77,34.92,35.7,-0.7800000000000011,-2.18,4465.0,15762.366
605588.SH,2022-03-08,34.73,35.02,33.85,34.15,34.92,-0.7700000000000031,-2.21,5233.0,18128.589
605588.SH,2022-03-09,34.29,34.43,32.32,33.31,34.15,-0.8399999999999963,-2.46,4831.0,16288.834
605588.SH,2022-03-10,34.08,34.52,33.24,33.74,33.31,0.4299999999999997,1.29,3351.0,11503.397
605588.SH,2022-03-11,33.33,34.01,33.15,33.96,33.74,0.21999999999999886,0.65,3364.0,11335.485
605588.SH,2022-03-14,33.78,33.84,32.8,32.84,33.96,-1.1199999999999974,-3.3,3265.0,10970.811
605588.SH,2022-03-15,32.84,32.85,31.28,31.29,32.84,-1.5500000000000043,-4.72,5085.0,16490.981
605588.SH,2022-03-16,32.14,32.24,30.75,31.88,31.29,0.5899999999999999,1.89,3657.0,11645.444
605588.SH,2022-03-17,32.08,32.93,32.06,32.46,31.88,0.5800000000000018,1.82,4536.0,14882.997
605588.SH,2022-03-18,32.24,33.21,32.24,33.13,32.46,0.6700000000000017,2.06,4522.0,14986.717
605588.SH,2022-03-21,33.96,36.45,33.81,36.45,33.13,3.3200000000000003,10.02,7320.0,26462.621
605588.SH,2022-03-22,37.17,37.17,34.94,35.56,36.45,-0.8900000000000006,-2.44,15144.0,54553.474
605588.SH,2022-03-23,36.01,36.06,34.83,35.62,35.56,0.05999999999999517,0.17,7642.0,27271.788
605588.SH,2022-03-24,35.32,36.06,35.05,35.41,35.62,-0.21000000000000085,-0.59,6640.0,23845.524
605588.SH,2022-03-25,35.49,35.84,34.79,34.97,35.41,-0.4399999999999977,-1.24,5480.07,19465.685
605588.SH,2022-03-28,35.04,35.12,33.93,34.66,34.97,-0.3100000000000023,-0.89,4705.0,16341.328
605588.SH,2022-03-29,34.94,34.98,33.39,33.45,34.66,-1.2099999999999937,-3.49,4428.0,15160.889
605588.SH,2022-03-30,33.74,33.97,33.43,33.77,33.45,0.3200000000000003,0.96,3113.9,10569.511
605588.SH,2022-03-31,33.79,34.52,33.43,33.9,33.77,0.12999999999999545,0.38,3856.17,13231.972
605588.SH,2022-04-01,34.19,34.22,33.24,33.29,33.9,-0.6099999999999994,-1.8,3112.0,10501.292
605588.SH,2022-04-06,32.98,34.0,32.94,33.66,33.29,0.36999999999999744,1.11,2981.0,10092.92
605588.SH,2022-04-07,33.36,33.71,32.54,32.64,33.66,-1.019999999999996,-3.03,3674.1,12182.898
605588.SH,2022-04-08,33.62,33.62,31.99,32.07,32.64,-0.5700000000000003,-1.75,3002.1,9805.911
605588.SH,2022-04-11,32.14,32.14,30.99,31.08,32.07,-0.990000000000002,-3.09,2938.0,9313.819
605588.SH,2022-04-12,30.85,31.73,30.85,31.65,31.08,0.5700000000000003,1.83,2119.0,6688.091
605588.SH,2022-04-13,31.63,31.63,30.93,31.19,31.65,-0.4599999999999973,-1.45,1793.0,5636.501
605588.SH,2022-04-14,31.23,31.94,31.23,31.8,31.19,0.6099999999999994,1.96,2867.1,9134.2
605588.SH,2022-04-15,31.88,32.04,31.45,31.6,31.8,-0.1999999999999993,-0.63,2602.0,8330.664
605588.SH,2022-04-18,31.71,32.74,31.11,32.55,31.6,0.9499999999999957,3.01,2805.0,9109.058
605588.SH,2022-04-19,32.73,33.04,31.88,32.39,32.55,-0.1599999999999966,-0.49,2040.17,6663.605
605588.SH,2022-04-20,32.37,32.63,31.92,32.43,32.39,0.03999999999999915,0.12,1762.0,5747.124
605588.SH,2022-04-21,32.47,32.53,31.05,31.2,32.43,-1.2300000000000004,-3.79,3108.0,9928.848
605588.SH,2022-04-22,31.15,31.43,30.57,30.74,31.2,-0.46000000000000085,-1.47,3138.41,9791.572
605588.SH,2022-04-25,30.45,30.66,28.0,28.0,30.74,-2.7399999999999984,-8.91,4292.58,12704.949
605588.SH,2022-04-26,28.08,28.08,26.15,26.34,28.0,-1.6600000000000001,-5.93,5455.41,14912.808
605588.SH,2022-04-27,25.97,26.91,24.8,26.76,26.34,0.4200000000000017,1.59,4874.0,12686.918
605588.SH,2022-04-28,26.63,26.87,25.61,25.84,26.76,-0.9200000000000017,-3.44,2521.63,6667.447
605588.SH,2022-04-29,25.92,27.69,25.92,27.28,25.84,1.4400000000000013,5.57,4182.33,11391.045
605588.SH,2022-05-05,27.53,27.96,26.98,27.72,27.28,0.4399999999999977,1.61,2491.0,6940.745
605588.SH,2022-05-06,27.02,27.98,26.92,27.53,27.72,-0.18999999999999773,-0.69,2343.0,6504.254
605588.SH,2022-05-09,27.27,28.37,27.27,27.94,27.53,0.41000000000000014,1.49,2266.0,6387.35
605588.SH,2022-05-10,27.84,28.77,27.16,28.59,27.94,0.6499999999999986,2.33,3481.0,9938.441
605588.SH,2022-05-11,28.47,29.42,28.47,28.52,28.59,-0.07000000000000028,-0.24,3971.17,11608.785
605588.SH,2022-05-12,28.6,29.17,28.32,28.88,28.52,0.35999999999999943,1.26,2388.0,6942.429
605588.SH,2022-05-13,28.88,29.26,28.73,29.1,28.88,0.22000000000000242,0.76,2356.0,6880.713
605588.SH,2022-05-16,29.1,29.65,28.57,28.64,29.1,-0.46000000000000085,-1.58,3333.0,9700.732
605588.SH,2022-05-17,28.64,28.99,28.25,28.73,28.64,0.08999999999999986,0.31,2488.07,7158.872
605588.SH,2022-05-18,28.65,29.64,28.53,29.27,28.73,0.5399999999999991,1.88,3290.0,9707.049
605588.SH,2022-05-19,28.67,29.42,28.47,29.25,29.27,-0.019999999999999574,-0.07,2389.57,7015.843
605588.SH,2022-05-20,29.37,29.97,29.09,29.31,29.25,0.05999999999999872,0.21,2674.0,7915.996
605588.SH,2022-05-23,29.02,29.85,29.02,29.58,29.31,0.2699999999999996,0.92,2866.26,8538.501
605588.SH,2022-05-24,29.48,29.92,27.98,27.98,29.58,-1.5999999999999979,-5.41,4132.0,12016.529
605588.SH,2022-05-25,28.04,28.83,28.01,28.78,27.98,0.8000000000000007,2.86,2961.0,8510.372
605588.SH,2022-05-26,28.79,28.95,28.17,28.64,28.78,-0.14000000000000057,-0.49,2679.0,7696.089
605588.SH,2022-05-27,28.92,29.45,28.39,28.61,28.64,-0.030000000000001137,-0.1,1893.0,5514.433
605588.SH,2022-05-30,28.75,28.89,28.37,28.72,28.61,0.10999999999999943,0.38,2103.0,6071.413
605588.SH,2022-05-31,29.04,29.43,28.32,29.38,28.72,0.6600000000000001,2.3,3986.94,11667.58
605588.SH,2022-06-01,29.38,30.04,29.16,29.79,29.38,0.41000000000000014,1.4,4799.0,14387.417
605588.SH,2022-06-02,29.66,30.56,29.38,30.53,29.79,0.740000000000002,2.48,4916.99,14890.475
605588.SH,2022-06-06,30.46,31.33,30.43,31.02,30.53,0.48999999999999844,1.6,4923.15,15380.949
605588.SH,2022-06-07,30.98,31.3,30.56,30.65,31.02,-0.370000000000001,-1.19,4002.0,12459.612
605588.SH,2022-06-08,30.65,30.97,29.97,30.6,30.65,-0.04999999999999716,-0.16,3296.0,10147.675
605588.SH,2022-06-09,30.62,30.62,29.58,29.64,30.6,-0.9600000000000009,-3.14,3438.0,10354.911
605588.SH,2022-06-10,29.86,30.05,29.47,30.0,29.64,0.35999999999999943,1.21,2820.0,8477.166
605588.SH,2022-06-13,29.5,30.3,29.5,29.98,30.0,-0.019999999999999574,-0.07,2716.0,8198.953
605588.SH,2022-06-14,29.73,29.76,28.87,29.64,29.98,-0.33999999999999986,-1.13,3294.15,9721.568
605588.SH,2022-06-15,29.87,31.0,29.42,30.09,29.64,0.4499999999999993,1.52,5147.0,15714.818
605588.SH,2022-06-16,30.09,31.1,29.82,30.36,30.09,0.2699999999999996,0.9,5456.0,16817.852
605588.SH,2022-06-17,30.36,30.36,29.47,30.01,30.36,-0.34999999999999787,-1.15,4495.57,13530.032
605588.SH,2022-06-20,30.34,30.44,29.84,30.11,30.01,0.09999999999999787,0.33,3169.0,9606.718
605588.SH,2022-06-21,30.12,30.61,29.78,30.38,30.11,0.2699999999999996,0.9,4663.0,14233.369
605588.SH,2022-06-22,30.47,30.49,29.72,29.78,30.38,-0.5999999999999979,-1.97,2902.0,8788.025
605588.SH,2022-06-23,29.84,30.77,29.49,30.77,29.78,0.9899999999999984,3.32,7440.0,22780.518
605588.SH,2022-06-24,30.95,30.95,30.34,30.79,30.77,0.019999999999999574,0.06,5877.0,18146.652
605588.SH,2022-06-27,31.13,33.87,31.13,33.87,30.79,3.0799999999999983,10.0,8416.09,28369.195
605588.SH,2022-06-28,34.2,36.1,33.07,35.07,33.87,1.2000000000000028,3.54,34136.34,118812.241
605588.SH,2022-06-29,34.33,34.42,32.87,33.08,35.07,-1.990000000000002,-5.67,19419.0,66067.4
605588.SH,2022-06-30,33.01,33.71,32.45,32.99,33.08,-0.0899999999999963,-0.27,11857.81,39376.855
605588.SH,2022-07-01,32.94,33.18,32.24,32.59,32.99,-0.3999999999999986,-1.21,8452.74,27842.865
605588.SH,2022-07-04,32.59,32.93,31.65,32.16,32.59,-0.4300000000000068,-1.32,6764.0,21853.781
605588.SH,2022-07-05,32.94,33.43,32.13,32.46,32.16,0.30000000000000426,0.93,8933.67,29496.381
605588.SH,2022-07-06,31.75,32.65,31.25,31.97,32.46,-0.490000000000002,-1.51,6221.0,20083.626
605588.SH,2022-07-07,31.97,32.48,31.77,32.1,31.97,0.13000000000000256,0.41,5081.0,16336.52
605588.SH,2022-07-08,32.18,32.77,31.87,32.38,32.1,0.28000000000000114,0.87,7495.0,24384.239
605588.SH,2022-07-11,32.38,32.38,31.05,31.63,32.38,-0.7500000000000036,-2.32,5095.41,16210.821
605588.SH,2022-07-12,31.47,31.52,30.21,30.21,31.63,-1.4199999999999982,-4.49,6351.0,19541.708
605588.SH,2022-07-13,30.22,30.77,30.21,30.58,30.21,0.36999999999999744,1.22,3366.0,10303.919
605588.SH,2022-07-14,30.8,31.02,30.36,30.92,30.58,0.3400000000000034,1.11,3765.0,11632.563
605588.SH,2022-07-15,30.96,31.24,30.5,30.54,30.92,-0.38000000000000256,-1.23,3583.53,11084.273
605588.SH,2022-07-18,30.48,31.46,30.48,31.23,30.54,0.6900000000000013,2.26,3573.0,11193.949
605588.SH,2022-07-19,31.08,31.82,31.07,31.68,31.23,0.4499999999999993,1.44,3852.0,12232.442
605588.SH,2022-07-20,31.71,33.05,31.48,32.34,31.68,0.6600000000000037,2.08,6042.0,19661.859
605588.SH,2022-07-21,32.57,32.97,32.0,32.63,32.34,0.28999999999999915,0.9,5536.0,18172.417
605588.SH,2022-07-22,32.47,33.07,31.67,32.11,32.63,-0.5200000000000031,-1.59,4564.0,14778.683
605588.SH,2022-07-25,32.37,32.37,31.28,31.43,32.11,-0.6799999999999997,-2.12,3177.0,10070.82
605588.SH,2022-07-26,31.29,31.7,30.55,31.22,31.43,-0.21000000000000085,-0.67,2690.0,8382.626
605588.SH,2022-07-27,31.06,31.7,31.03,31.58,31.22,0.35999999999999943,1.15,2640.0,8317.393
605588.SH,2022-07-28,31.6,32.63,31.56,32.39,31.58,0.8100000000000023,2.56,5434.0,17613.857
605588.SH,2022-07-29,32.47,32.78,32.17,32.5,32.39,0.10999999999999943,0.34,4692.74,15316.828
605588.SH,2022-08-01,32.78,32.82,32.06,32.79,32.5,0.28999999999999915,0.89,4513.0,14797.474
605588.SH,2022-08-02,32.47,32.78,31.16,31.45,32.79,-1.3399999999999999,-4.09,5759.0,18283.456
605588.SH,2022-08-03,31.75,34.14,31.49,32.74,31.45,1.2900000000000027,4.1,14872.0,49308.295
605588.SH,2022-08-04,32.87,34.11,32.87,33.82,32.74,1.0799999999999983,3.3,13847.0,46750.168
605588.SH,2022-08-05,33.93,35.52,33.42,35.52,33.82,1.7000000000000028,5.03,26426.0,91872.351
605588.SH,2022-08-08,35.54,35.54,33.72,34.72,35.52,-0.8000000000000043,-2.25,18301.0,63282.013
605588.SH,2022-08-09,34.45,34.73,33.83,34.72,34.72,0.0,0.0,13161.0,45252.884
605588.SH,2022-08-10,34.76,35.67,34.19,34.98,34.72,0.259999999999998,0.75,16185.74,56884.721
605588.SH,2022-08-11,34.95,36.42,34.62,35.74,34.98,0.7600000000000051,2.17,21312.74,75912.891
605588.SH,2022-08-12,35.69,37.76,33.87,34.26,35.74,-1.480000000000004,-4.14,23237.92,83040.722
605588.SH,2022-08-15,34.08,35.31,33.92,34.46,34.26,0.20000000000000284,0.58,11303.0,39306.234
605588.SH,2022-08-16,34.73,35.16,34.08,34.44,34.46,-0.020000000000003126,-0.06,10055.0,34918.95
605588.SH,2022-08-17,34.06,36.84,33.37,35.75,34.44,1.3100000000000023,3.8,23664.0,83391.62
605588.SH,2022-08-18,35.83,39.32,35.83,39.32,35.75,3.5700000000000003,9.99,61445.65,235666.972
605588.SH,2022-08-19,38.54,39.06,36.7,36.92,39.32,-2.3999999999999986,-6.1,53009.32,202074.996
605588.SH,2022-08-22,36.95,40.62,36.95,40.62,36.92,3.6999999999999957,10.02,45779.0,182960.218
605588.SH,2022-08-23,39.84,44.66,38.65,42.44,40.62,1.8200000000000003,4.48,71161.09,287330.942
605588.SH,2022-08-24,40.17,41.1,38.63,38.67,42.44,-3.769999999999996,-8.88,44859.59,180136.158
605588.SH,2022-08-25,38.8,39.28,35.28,35.96,38.67,-2.710000000000001,-7.01,32228.26,118797.114
605588.SH,2022-08-26,35.57,36.31,33.67,33.87,35.96,-2.0900000000000034,-5.81,26976.0,94023.807
605588.SH,2022-08-29,33.07,33.86,32.94,33.46,33.87,-0.4099999999999966,-1.21,13894.0,46704.694
605588.SH,2022-08-30,33.32,34.09,32.97,33.69,33.46,0.22999999999999687,0.69,11647.0,39159.833
605588.SH,2022-08-31,33.37,33.75,31.64,32.01,33.69,-1.6799999999999997,-4.99,14777.34,48216.955
605588.SH,2022-09-01,32.06,32.35,31.24,31.31,32.01,-0.6999999999999993,-2.19,9240.0,29339.595
605588.SH,2022-09-02,31.23,32.04,31.19,31.85,31.31,0.5400000000000027,1.72,7311.0,23301.919
605588.SH,2022-09-05,31.77,32.03,31.26,31.42,31.85,-0.4299999999999997,-1.35,6040.34,19126.788
605588.SH,2022-09-06,31.66,31.67,31.11,31.54,31.42,0.11999999999999744,0.38,6470.0,20428.868
605588.SH,2022-09-07,31.45,33.24,31.36,33.06,31.54,1.5200000000000031,4.82,18193.34,59362.774
605588.SH,2022-09-08,33.06,33.06,29.88,32.63,33.06,-0.4299999999999997,-1.3,11694.26,38198.26
605588.SH,2022-09-09,32.08,33.07,32.08,32.49,32.63,-0.14000000000000057,-0.43,8040.0,26296.665
605588.SH,2022-09-13,32.67,33.05,32.12,32.27,32.49,-0.21999999999999886,-0.68,6378.9,20794.944
605588.SH,2022-09-14,31.68,32.88,31.26,32.34,32.27,0.07000000000000028,0.22,8048.9,25828.49
605588.SH,2022-09-15,32.56,32.56,30.65,30.72,32.34,-1.6200000000000045,-5.01,9553.9,29900.395
605588.SH,2022-09-16,30.63,31.06,29.99,29.99,30.72,-0.7300000000000004,-2.38,5121.0,15719.924
605588.SH,2022-09-19,29.69,30.12,29.05,29.3,29.99,-0.6899999999999977,-2.3,5353.0,15846.993
605588.SH,2022-09-20,29.3,30.34,29.3,30.25,29.3,0.9499999999999993,3.24,6605.86,19841.679
605588.SH,2022-09-21,30.18,30.33,29.48,30.19,30.25,-0.05999999999999872,-0.2,3292.0,9914.863
605588.SH,2022-09-22,29.89,30.58,29.85,30.21,30.19,0.019999999999999574,0.07,4773.0,14521.736
605588.SH,2022-09-23,30.19,30.5,29.41,29.5,30.21,-0.7100000000000009,-2.35,4288.0,12816.546
605588.SH,2022-09-26,29.67,29.67,28.58,28.63,29.5,-0.870000000000001,-2.95,4114.0,11963.86
605588.SH,2022-09-27,28.88,29.3,28.59,29.16,28.63,0.5300000000000011,1.85,3328.9,9678.249
605588.SH,2022-09-28,29.17,29.27,27.9,28.02,29.16,-1.1400000000000006,-3.91,5089.0,14469.37
605588.SH,2022-09-29,28.38,28.51,28.02,28.19,28.02,0.1700000000000017,0.61,3357.0,9506.169
605588.SH,2022-09-30,28.34,28.41,27.53,27.55,28.19,-0.6400000000000006,-2.27,2940.0,8223.718
605588.SH,2022-10-10,27.67,27.69,26.66,26.79,27.55,-0.7600000000000016,-2.76,3399.0,9195.546
605588.SH,2022-10-11,26.79,27.05,26.47,26.69,26.79,-0.09999999999999787,-0.37,2381.0,6407.183
605588.SH,2022-10-12,26.5,27.79,26.4,27.59,26.69,0.8999999999999986,3.37,4508.0,12251.057
605588.SH,2022-10-13,27.34,28.17,27.22,27.88,27.59,0.28999999999999915,1.05,4819.0,13469.596
605588.SH,2022-10-14,28.05,28.68,28.0,28.51,27.88,0.6300000000000026,2.26,4412.17,12576.188
605588.SH,2022-10-17,28.51,29.28,28.42,29.22,28.51,0.7099999999999973,2.49,3749.0,10889.024
605588.SH,2022-10-18,29.67,29.68,28.8,29.27,29.22,0.05000000000000071,0.17,6436.0,18926.637
605588.SH,2022-10-19,29.63,29.79,29.27,29.56,29.27,0.28999999999999915,0.99,4598.0,13642.731
605588.SH,2022-10-20,29.48,30.45,29.02,30.0,29.56,0.4400000000000013,1.49,6942.0,20821.151
605588.SH,2022-10-21,29.99,29.99,29.31,29.67,30.0,-0.3299999999999983,-1.1,4580.23,13650.956
605588.SH,2022-10-24,29.97,30.15,29.05,29.1,29.67,-0.5700000000000003,-1.92,4518.06,13431.316
605588.SH,2022-10-25,28.7,29.48,28.48,28.86,29.1,-0.240000000000002,-0.82,5119.0,14843.616
605588.SH,2022-10-26,29.33,29.75,28.86,29.68,28.86,0.8200000000000003,2.84,3958.0,11701.964
605588.SH,2022-10-27,29.62,30.21,29.62,29.94,29.68,0.26000000000000156,0.88,3720.0,11175.401
605588.SH,2022-10-28,29.96,30.16,28.69,28.69,29.94,-1.25,-4.18,4472.0,13185.668
605588.SH,2022-10-31,29.11,31.42,29.11,30.79,28.69,2.099999999999998,7.32,13972.0,43116.147
605588.SH,2022-11-01,30.99,31.28,30.39,30.88,30.79,0.08999999999999986,0.29,8096.0,25038.057
605588.SH,2022-11-02,31.38,31.73,30.89,31.27,30.88,0.39000000000000057,1.26,8765.0,27620.601
605588.SH,2022-11-03,30.86,31.62,30.68,31.35,31.27,0.08000000000000185,0.26,7468.0,23461.69
605588.SH,2022-11-04,31.24,31.53,31.18,31.36,31.35,0.00999999999999801,0.03,6283.0,19771.903
605588.SH,2022-11-07,31.47,31.65,31.1,31.42,31.36,0.060000000000002274,0.19,5958.0,18782.7
605588.SH,2022-11-08,31.38,31.63,31.09,31.25,31.42,-0.1700000000000017,-0.54,3900.0,12241.294
605588.SH,2022-11-09,31.24,31.46,31.09,31.17,31.25,-0.0799999999999983,-0.26,3925.0,12331.347
605588.SH,2022-11-10,30.98,31.34,30.51,30.58,31.17,-0.5900000000000034,-1.89,5170.0,16013.894
605588.SH,2022-11-11,31.47,31.47,30.3,30.48,30.58,-0.09999999999999787,-0.33,6858.0,21242.476
605588.SH,2022-11-14,30.67,30.82,30.11,30.64,30.48,0.16000000000000014,0.52,5549.0,17039.531
605588.SH,2022-11-15,30.58,32.12,30.4,32.11,30.64,1.4699999999999989,4.8,12692.51,40279.077
605588.SH,2022-11-16,32.12,32.67,31.71,32.27,32.11,0.1600000000000037,0.5,10239.0,33062.39
605588.SH,2022-11-17,32.17,32.94,31.52,32.83,32.27,0.5599999999999952,1.74,11069.0,35813.441
605588.SH,2022-11-18,32.77,32.93,31.97,32.01,32.83,-0.8200000000000003,-2.5,6743.0,21948.678
605588.SH,2022-11-21,31.78,32.24,31.67,32.02,32.01,0.010000000000005116,0.03,4025.1,12900.205
605588.SH,2022-11-22,32.05,32.95,31.87,32.23,32.02,0.20999999999999375,0.66,9320.27,30407.607
605588.SH,2022-11-23,32.36,32.36,31.17,31.78,32.23,-0.44999999999999574,-1.4,7298.98,23134.98
605588.SH,2022-11-24,31.86,32.19,31.47,31.76,31.78,-0.019999999999999574,-0.06,3963.51,12663.932
605588.SH,2022-11-25,31.87,32.15,31.29,31.34,31.76,-0.4200000000000017,-1.32,5455.0,17343.757
605588.SH,2022-11-28,30.88,31.14,30.53,30.7,31.34,-0.6400000000000006,-2.04,3906.0,12063.215
605588.SH,2022-11-29,30.67,31.82,30.67,31.77,30.7,1.0700000000000003,3.49,6871.0,21534.613
605588.SH,2022-11-30,31.64,31.68,31.04,31.1,31.77,-0.6699999999999982,-2.11,5793.1,18184.512
605588.SH,2022-12-01,31.38,31.61,30.98,31.21,31.1,0.10999999999999943,0.35,4897.0,15430.955
605588.SH,2022-12-02,31.2,31.96,30.92,31.92,31.21,0.7100000000000009,2.27,4833.96,15352.321
605588.SH,2022-12-05,32.0,32.04,31.42,31.91,31.92,-0.010000000000001563,-0.03,4939.0,15759.72
605588.SH,2022-12-06,31.9,32.37,31.48,32.04,31.91,0.129999999999999,0.41,5259.0,16930.736
605588.SH,2022-12-07,31.87,31.91,31.35,31.42,32.04,-0.6199999999999974,-1.94,4096.0,12969.456
605588.SH,2022-12-08,31.42,31.42,30.57,30.89,31.42,-0.5300000000000011,-1.69,4552.0,14139.195
605588.SH,2022-12-09,30.84,30.93,30.18,30.52,30.89,-0.370000000000001,-1.2,5481.0,16816.716
605588.SH,2022-12-12,30.58,30.92,30.0,30.79,30.52,0.2699999999999996,0.88,4176.0,12779.387
605588.SH,2022-12-13,30.66,30.76,30.11,30.2,30.79,-0.5899999999999999,-1.92,2754.0,8399.571
605588.SH,2022-12-14,30.38,31.7,30.33,30.61,30.2,0.41000000000000014,1.36,6484.0,20133.164
605588.SH,2022-12-15,30.42,31.59,30.07,30.97,30.61,0.35999999999999943,1.18,7323.0,22899.454
605588.SH,2022-12-16,31.02,31.02,30.04,30.1,30.97,-0.8699999999999974,-2.81,5179.0,15770.065
605588.SH,2022-12-19,29.97,30.66,28.78,28.9,30.1,-1.2000000000000028,-3.99,4773.0,14023.807
605588.SH,2022-12-20,29.34,29.34,28.71,29.09,28.9,0.19000000000000128,0.66,1948.0,5678.803
605588.SH,2022-12-21,29.28,29.28,28.41,28.75,29.09,-0.33999999999999986,-1.17,2311.0,6667.943
605588.SH,2022-12-22,28.74,29.07,28.17,28.2,28.75,-0.5500000000000007,-1.91,1989.0,5710.049
605588.SH,2022-12-23,28.2,28.68,27.79,28.14,28.2,-0.05999999999999872,-0.21,2159.0,6074.969
605588.SH,2022-12-26,28.13,28.95,28.13,28.76,28.14,0.620000000000001,2.2,2645.0,7587.384
605588.SH,2022-12-27,28.76,29.09,28.52,28.98,28.76,0.21999999999999886,0.76,2766.0,8005.958
605588.SH,2022-12-28,28.97,29.07,28.24,28.39,28.98,-0.5899999999999999,-2.04,2335.0,6678.346
605588.SH,2022-12-29,28.39,28.86,27.99,28.52,28.39,0.129999999999999,0.46,2283.0,6535.619
605588.SH,2022-12-30,28.48,28.69,28.33,28.69,28.52,0.1700000000000017,0.6,2557.0,7322.457
605588.SH,2023-01-03,28.54,29.47,28.4,29.27,28.69,0.5799999999999983,2.02,5454.0,15939.7
605588.SH,2023-01-04,29.33,29.63,29.1,29.39,29.27,0.120000000000001,0.41,2695.59,7941.014
605588.SH,2023-01-05,29.61,29.61,29.07,29.42,29.39,0.030000000000001137,0.1,2298.59,6767.688
605588.SH,2023-01-06,29.56,29.56,29.2,29.35,29.42,-0.07000000000000028,-0.24,2827.0,8335.483
605588.SH,2023-01-09,29.38,29.83,29.37,29.59,29.35,0.23999999999999844,0.82,3002.0,8938.325
605588.SH,2023-01-10,29.74,29.78,29.4,29.42,29.59,-0.16999999999999815,-0.57,2353.0,6985.584
605588.SH,2023-01-11,29.43,29.73,29.09,29.09,29.42,-0.33000000000000185,-1.12,2266.0,6684.998
605588.SH,2023-01-12,29.26,29.52,28.97,29.21,29.09,0.120000000000001,0.41,1752.0,5142.118
605588.SH,2023-01-13,29.51,29.63,29.05,29.56,29.21,0.34999999999999787,1.2,3625.0,10649.689
605588.SH,2023-01-16,29.54,29.97,29.28,29.88,29.56,0.3200000000000003,1.08,5248.0,15675.581
605588.SH,2023-01-17,29.89,30.32,29.88,30.19,29.88,0.3100000000000023,1.04,3372.0,10202.879
605588.SH,2023-01-18,30.21,30.5,29.99,30.38,30.19,0.18999999999999773,0.63,3034.0,9236.414
605588.SH,2023-01-19,30.38,31.67,30.2,31.18,30.38,0.8000000000000007,2.63,7062.0,22111.462
605588.SH,2023-01-20,31.38,31.47,30.84,30.93,31.18,-0.25,-0.8,3543.86,11031.954
605588.SH,2023-01-30,31.2,31.37,31.03,31.06,30.93,0.129999999999999,0.42,2565.0,8011.155
605588.SH,2023-01-31,31.37,31.91,30.88,31.77,31.06,0.7100000000000009,2.29,7214.76,22786.19
605588.SH,2023-02-01,31.77,32.75,31.77,32.41,31.77,0.639999999999997,2.01,8999.59,29272.427
605588.SH,2023-02-02,32.4,33.37,31.97,32.76,32.41,0.3500000000000014,1.08,8221.0,27065.782
605588.SH,2023-02-03,32.68,33.67,32.27,32.81,32.76,0.05000000000000426,0.15,7339.0,24259.953
605588.SH,2023-02-06,32.98,33.51,32.52,32.94,32.81,0.12999999999999545,0.4,5536.9,18363.164
605588.SH,2023-02-07,32.93,33.35,32.68,33.21,32.94,0.2700000000000031,0.82,4434.0,14741.225
605588.SH,2023-02-08,33.21,33.5,32.68,32.75,33.21,-0.46000000000000085,-1.39,4934.0,16368.736
605588.SH,2023-02-09,32.84,33.38,32.49,33.38,32.75,0.6300000000000026,1.92,6560.0,21812.826
605588.SH,2023-02-10,33.38,33.55,32.97,33.16,33.38,-0.22000000000000597,-0.66,3781.0,12635.708
605588.SH,2023-02-13,33.16,33.52,33.11,33.37,33.16,0.21000000000000085,0.63,3813.0,12749.036
605588.SH,2023-02-14,33.2,34.13,33.2,33.73,33.37,0.35999999999999943,1.08,5053.0,17094.485
605588.SH,2023-02-15,33.64,34.04,33.47,33.96,33.73,0.23000000000000398,0.68,4635.0,15723.097
605588.SH,2023-02-16,33.98,34.36,32.46,32.73,33.96,-1.230000000000004,-3.62,6382.0,21394.008
605588.SH,2023-02-17,32.87,33.05,32.17,32.21,32.73,-0.519999999999996,-1.59,5621.0,18372.931
605588.SH,2023-02-20,32.21,32.68,31.9,32.55,32.21,0.3399999999999963,1.06,4446.0,14432.886
605588.SH,2023-02-21,32.8,33.21,32.23,32.87,32.55,0.3200000000000003,0.98,3633.0,11985.624
605588.SH,2023-02-22,32.74,33.68,32.7,33.52,32.87,0.6500000000000057,1.98,6477.26,21664.354
605588.SH,2023-02-23,33.52,33.66,33.04,33.5,33.52,-0.020000000000003126,-0.06,3295.0,11020.713
605588.SH,2023-02-24,33.0,33.77,32.92,33.16,33.5,-0.3400000000000034,-1.01,2647.0,8839.768
605588.SH,2023-02-27,33.25,33.34,32.78,32.82,33.16,-0.3399999999999963,-1.03,3518.0,11670.203
605588.SH,2023-02-28,33.05,33.55,32.82,33.24,32.82,0.4200000000000017,1.28,3529.88,11735.123
605588.SH,2023-03-01,33.24,33.72,32.74,33.47,33.24,0.22999999999999687,0.69,4836.26,16136.49
605588.SH,2023-03-02,33.48,33.77,32.9,32.97,33.47,-0.5,-1.49,3514.26,11725.417
605588.SH,2023-03-03,32.97,34.06,32.97,33.67,32.97,0.7000000000000028,2.12,6020.0,20258.939
605588.SH,2023-03-06,33.67,33.67,32.96,33.31,33.67,-0.35999999999999943,-1.07,3720.0,12411.39
605588.SH,2023-03-07,33.25,33.45,31.98,32.0,33.31,-1.3100000000000023,-3.93,4921.0,16094.136
605588.SH,2023-03-08,31.97,32.9,31.88,32.9,32.0,0.8999999999999986,2.81,3892.0,12720.441
605588.SH,2023-03-09,32.9,34.35,32.67,34.15,32.9,1.25,3.8,15531.81,52929.92
605588.SH,2023-03-10,33.91,34.15,33.4,33.63,34.15,-0.519999999999996,-1.52,6740.0,22833.988
605588.SH,2023-03-13,33.38,33.94,33.21,33.81,33.63,0.17999999999999972,0.54,7331.0,24728.306
605588.SH,2023-03-14,33.52,34.41,32.93,34.41,33.81,0.5999999999999943,1.77,8869.0,30062.358
605588.SH,2023-03-15,34.45,35.32,34.05,34.74,34.41,0.3300000000000054,0.96,16885.9,58824.323
605588.SH,2023-03-16,34.75,35.58,33.67,33.86,34.74,-0.8800000000000026,-2.53,17072.81,59419.342
605588.SH,2023-03-17,34.13,34.34,33.47,33.56,33.86,-0.29999999999999716,-0.89,8779.0,29785.471
605588.SH,2023-03-20,33.77,34.03,33.23,33.53,33.56,-0.030000000000001137,-0.09,8910.0,30042.201
605588.SH,2023-03-21,33.77,34.04,32.95,34.0,33.53,0.46999999999999886,1.4,6099.29,20574.837
605588.SH,2023-03-22,34.01,34.45,33.56,34.33,34.0,0.3299999999999983,0.97,6300.0,21542.319
605588.SH,2023-03-23,34.55,34.95,34.16,34.74,34.33,0.4100000000000037,1.19,9077.0,31505.229
605588.SH,2023-03-24,34.75,34.75,33.57,33.98,34.74,-0.7600000000000051,-2.19,10665.0,36362.644
605588.SH,2023-03-27,33.98,34.28,33.42,33.74,33.98,-0.23999999999999488,-0.71,6144.0,20911.175
605588.SH,2023-03-28,33.72,33.96,33.3,33.35,33.74,-0.39000000000000057,-1.16,5861.0,19761.038
605588.SH,2023-03-29,33.16,33.94,33.09,33.4,33.35,0.04999999999999716,0.15,4715.0,15866.329
605588.SH,2023-03-30,33.4,33.91,33.07,33.69,33.4,0.28999999999999915,0.87,4843.0,16294.402
605588.SH,2023-03-31,33.63,34.66,33.43,34.52,33.69,0.8300000000000054,2.46,9934.9,34018.026
605588.SH,2023-04-03,34.53,34.96,34.16,34.72,34.52,0.19999999999999574,0.58,9422.0,32646.389
605588.SH,2023-04-04,34.7,36.72,34.37,36.01,34.72,1.2899999999999991,3.72,25976.0,93210.776
605588.SH,2023-04-06,35.94,39.32,35.66,37.6,36.01,1.5900000000000034,4.42,37733.0,142537.08
605588.SH,2023-04-07,37.6,37.61,36.47,36.89,37.6,-0.7100000000000009,-1.89,18497.0,68218.024
605588.SH,2023-04-10,36.81,36.82,35.71,36.4,36.89,-0.490000000000002,-1.33,16582.0,60505.084
605588.SH,2023-04-11,36.07,36.55,35.88,36.48,36.4,0.0799999999999983,0.22,9049.0,32922.541
605588.SH,2023-04-12,36.51,36.59,36.09,36.31,36.48,-0.1699999999999946,-0.47,8786.0,32006.726
605588.SH,2023-04-13,36.21,36.51,35.66,36.17,36.31,-0.14000000000000057,-0.39,11008.16,39756.487
605588.SH,2023-04-14,36.13,37.2,35.19,37.02,36.17,0.8500000000000014,2.35,18365.0,66942.016
605588.SH,2023-04-17,36.83,37.0,36.17,36.45,37.02,-0.5700000000000003,-1.54,10813.26,39630.036
605588.SH,2023-04-18,36.64,36.64,35.31,35.86,36.45,-0.5900000000000034,-1.62,10797.0,38808.777
605588.SH,2023-04-19,36.03,36.7,35.67,36.26,35.86,0.3999999999999986,1.12,12488.26,45418.804
605588.SH,2023-04-20,36.01,37.06,35.88,36.93,36.26,0.6700000000000017,1.85,15208.0,56161.941
605588.SH,2023-04-21,36.93,37.92,35.82,35.88,36.93,-1.0499999999999972,-2.84,21732.0,80982.641
605588.SH,2023-04-24,34.89,35.64,34.61,35.18,35.88,-0.7000000000000028,-1.95,11739.0,41349.929
605588.SH,2023-04-25,35.06,35.66,33.09,33.17,35.18,-2.009999999999998,-5.71,11394.0,38774.022
605588.SH,2023-04-26,33.43,34.82,33.42,33.86,33.17,0.6899999999999977,2.08,8234.0,28287.263
605588.SH,2023-04-27,33.43,34.29,33.43,33.59,33.86,-0.269999999999996,-0.8,5021.0,17082.193
605588.SH,2023-04-28,33.05,35.01,32.88,34.95,33.59,1.3599999999999994,4.05,8621.26,29885.577
605588.SH,2023-05-04,34.57,34.99,33.38,33.92,34.95,-1.0300000000000011,-2.95,8868.0,30189.971
605588.SH,2023-05-05,33.68,33.92,32.48,32.56,33.92,-1.3599999999999994,-4.01,7887.0,26086.581
605588.SH,2023-05-08,32.47,33.77,32.43,33.25,32.56,0.6899999999999977,2.12,7438.26,24701.76
605588.SH,2023-05-09,33.29,36.57,32.78,35.83,33.25,2.5799999999999983,7.76,30610.26,109685.568
605588.SH,2023-05-10,35.26,36.09,34.43,35.24,35.83,-0.5899999999999963,-1.65,25485.26,90090.371
605588.SH,2023-05-11,35.16,37.0,34.89,36.46,35.24,1.2199999999999989,3.46,21773.0,78714.928
605588.SH,2023-05-12,36.05,37.34,35.86,36.4,36.46,-0.060000000000002274,-0.16,15441.96,56521.76
605588.SH,2023-05-15,36.1,37.24,35.46,37.23,36.4,0.8299999999999983,2.28,15014.96,55163.91
605588.SH,2023-05-16,36.86,38.21,36.72,37.69,37.23,0.46000000000000085,1.24,16684.0,62890.175
605588.SH,2023-05-17,37.7,38.13,36.1,36.84,37.69,-0.8499999999999943,-2.26,19466.0,71924.737
605588.SH,2023-05-18,36.97,37.44,36.4,36.7,36.84,-0.14000000000000057,-0.38,11009.0,40838.827
605588.SH,2023-05-19,36.82,37.69,36.65,36.95,36.7,0.25,0.68,11674.0,43372.906
605588.SH,2023-05-22,36.92,37.41,36.55,36.82,36.95,-0.13000000000000256,-0.35,7250.0,26825.403
605588.SH,2023-05-23,36.84,36.95,36.35,36.4,36.82,-0.4200000000000017,-1.14,6782.0,24910.752
605588.SH,2023-05-24,36.16,36.75,35.96,36.1,36.4,-0.29999999999999716,-0.82,5990.0,21859.755
605588.SH,2023-05-25,36.02,36.62,35.61,36.45,36.1,0.3500000000000014,0.97,6966.0,25249.078
605588.SH,2023-05-26,36.5,38.05,36.03,37.78,36.45,1.3299999999999983,3.65,13057.32,49083.678
605588.SH,2023-05-29,37.78,39.04,36.82,37.61,37.78,-0.1700000000000017,-0.45,14138.0,53807.543
605588.SH,2023-05-30,37.55,38.13,37.18,37.9,37.61,0.28999999999999915,0.77,8786.0,33336.662
605588.SH,2023-05-31,38.05,41.69,37.51,41.69,37.9,3.789999999999999,10.0,52345.41,215868.202
605588.SH,2023-06-01,44.79,45.87,43.78,45.87,41.69,4.18,10.03,26193.42,119059.395
605588.SH,2023-06-02,50.46,50.46,48.32,50.46,45.87,4.590000000000003,10.01,86401.0,435912.886
605588.SH,2023-06-05,55.5,55.51,54.04,55.51,50.46,5.049999999999997,10.01,27975.0,155621.968
605588.SH,2023-06-06,55.78,61.06,51.75,61.04,55.51,5.530000000000001,9.96,120799.0,699324.727
605588.SH,2023-06-07,56.77,58.41,54.93,56.19,61.04,-4.850000000000001,-7.95,94893.0,541075.851
605588.SH,2023-06-08,54.44,56.99,50.57,50.57,56.19,-5.619999999999997,-10.0,78510.0,418974.635
605588.SH,2023-06-09,50.57,54.1,50.06,50.73,50.57,0.1599999999999966,0.32,64485.86,336048.669
605588.SH,2023-06-12,52.29,53.48,50.75,51.35,50.73,0.6200000000000045,1.22,46180.49,241034.504
605588.SH,2023-06-13,51.89,52.0,47.63,50.8,51.35,-0.5500000000000043,-1.07,41771.74,208954.699
605588.SH,2023-06-14,52.29,55.88,51.84,55.88,50.8,5.080000000000005,10.0,41966.1,229855.416
605588.SH,2023-06-15,56.61,57.66,50.29,50.3,55.88,-5.580000000000005,-9.99,80650.1,424737.28
605588.SH,2023-06-16,48.8,52.79,48.1,52.48,50.3,2.1799999999999997,4.33,58670.1,298455.917
605588.SH,2023-06-19,51.3,57.73,51.3,55.37,52.48,2.8900000000000006,5.51,70106.0,387222.993
605588.SH,2023-06-20,55.37,57.04,52.65,53.04,55.37,-2.3299999999999983,-4.21,46682.99,253587.591
605588.SH,2023-06-21,53.88,54.26,50.4,50.57,53.04,-2.469999999999999,-4.66,39722.99,207084.491
605588.SH,2023-06-26,49.8,50.25,47.41,47.58,50.57,-2.990000000000002,-5.91,34721.0,169258.55
605588.SH,2023-06-27,46.89,48.8,46.89,47.92,47.58,0.3400000000000034,0.71,29881.0,143662.369
605588.SH,2023-06-28,47.92,47.92,45.27,47.43,47.92,-0.490000000000002,-1.02,24362.0,113970.402
605588.SH,2023-06-29,47.32,48.0,45.99,46.85,47.42,-0.5700000000000003,-1.2,27151.0,127218.715
605588.SH,2023-06-30,46.8,47.9,46.12,47.09,46.85,0.240000000000002,0.51,26626.0,125893.068
605588.SH,2023-07-03,47.74,47.86,46.29,46.78,47.09,-0.3100000000000023,-0.66,19399.0,91043.409
605588.SH,2023-07-04,46.51,47.96,46.51,47.31,46.78,0.5300000000000011,1.13,19595.0,92894.228
605588.SH,2023-07-05,47.12,47.41,45.97,46.24,47.31,-1.0700000000000003,-2.26,16951.0,78970.341
605588.SH,2023-07-06,46.29,47.08,46.11,46.88,46.24,0.6400000000000006,1.38,15397.1,72088.591
605588.SH,2023-07-07,46.69,46.74,44.94,46.01,46.88,-0.8700000000000045,-1.86,15964.0,73270.399
605588.SH,2023-07-10,46.4,46.66,45.21,45.71,46.01,-0.29999999999999716,-0.65,13148.0,60167.765
605588.SH,2023-07-11,45.39,45.93,45.01,45.21,45.71,-0.5,-1.09,14390.0,65467.03
605588.SH,2023-07-12,45.04,46.36,44.72,44.82,45.21,-0.39000000000000057,-0.86,17195.0,78632.585
605588.SH,2023-07-13,44.7,49.3,44.49,47.89,44.82,3.0700000000000003,6.85,77531.0,375764.252
605588.SH,2023-07-14,47.52,47.65,45.91,47.11,47.89,-0.7800000000000011,-1.63,44998.0,210963.616
605588.SH,2023-07-17,47.21,47.23,45.06,45.59,47.11,-1.519999999999996,-3.23,21888.0,100197.584
605588.SH,2023-07-18,46.05,46.35,44.16,44.27,45.59,-1.3200000000000003,-2.9,25649.0,115628.162
605588.SH,2023-07-19,44.31,44.59,43.6,43.75,44.27,-0.5200000000000031,-1.17,20492.0,90224.091
605588.SH,2023-07-20,43.61,43.76,41.91,42.1,43.75,-1.6499999999999986,-3.77,17239.0,73497.539
605588.SH,2023-07-21,41.9,42.4,40.97,41.07,42.1,-1.0300000000000011,-2.45,12889.0,53717.043
605588.SH,2023-07-24,41.11,41.68,40.92,41.25,41.07,0.17999999999999972,0.44,9687.0,40171.787
605588.SH,2023-07-25,41.61,41.8,41.03,41.44,41.25,0.18999999999999773,0.46,10428.0,43231.819
605588.SH,2023-07-26,41.32,42.04,40.92,41.37,41.44,-0.07000000000000028,-0.17,14104.0,58464.849
605588.SH,2023-07-27,41.15,41.54,40.41,40.57,41.37,-0.7999999999999972,-1.93,10185.0,41761.836
605588.SH,2023-07-28,40.27,40.92,39.92,40.05,40.57,-0.5200000000000031,-1.28,12544.0,50605.6
605588.SH,2023-07-31,40.06,40.5,39.51,39.99,40.05,-0.05999999999999517,-0.15,8171.0,32874.294
605588.SH,2023-08-01,39.93,40.13,39.53,40.06,39.99,0.07000000000000028,0.18,10925.0,43668.891
605588.SH,2023-08-02,39.93,40.47,39.73,40.45,40.06,0.39000000000000057,0.97,10673.0,43017.295
605588.SH,2023-08-03,40.22,40.49,39.23,39.66,40.45,-0.7900000000000063,-1.95,16383.0,65201.208
605588.SH,2023-08-04,39.72,40.08,39.24,39.5,39.66,-0.1599999999999966,-0.4,24661.0,97802.212
605588.SH,2023-08-07,40.5,40.81,38.98,39.11,39.5,-0.39000000000000057,-0.99,30413.0,121284.497
605588.SH,2023-08-08,39.89,39.89,39.13,39.3,39.11,0.18999999999999773,0.49,20630.0,81427.273
605588.SH,2023-08-09,38.93,39.5,38.45,39.03,39.3,-0.269999999999996,-0.69,15711.0,61596.354
605588.SH,2023-08-10,39.26,39.8,39.11,39.5,39.03,0.46999999999999886,1.2,13038.0,51523.958
605588.SH,2023-08-11,39.35,39.72,38.74,38.89,39.5,-0.6099999999999994,-1.54,13425.0,52846.831
605588.SH,2023-08-14,38.12,39.11,38.05,39.11,38.89,0.21999999999999886,0.57,12896.0,49800.199
605588.SH,2023-08-15,39.32,39.32,38.0,38.22,39.11,-0.8900000000000006,-2.28,12202.0,47043.987
605588.SH,2023-08-16,38.42,38.52,37.48,37.48,38.22,-0.740000000000002,-1.94,9179.0,34847.993
605588.SH,2023-08-17,37.53,38.32,37.31,38.18,37.48,0.7000000000000028,1.87,10146.0,38538.7
605588.SH,2023-08-18,38.31,38.85,37.74,37.75,38.18,-0.4299999999999997,-1.13,8968.0,34535.273
605588.SH,2023-08-21,37.66,38.6,37.44,37.51,37.75,-0.240000000000002,-0.64,8507.0,32381.867
605588.SH,2023-08-22,37.49,38.03,36.9,38.01,37.51,0.5,1.33,9972.0,37479.508
605588.SH,2023-08-23,37.72,37.91,36.94,36.99,38.01,-1.019999999999996,-2.68,8303.0,31062.245
605588.SH,2023-08-24,37.06,38.2,36.78,37.48,36.99,0.4899999999999949,1.32,12925.0,48660.833
605588.SH,2023-08-25,37.06,37.37,36.03,36.25,37.48,-1.2299999999999969,-3.28,12096.0,44235.879
605588.SH,2023-08-28,37.34,38.04,35.66,35.66,36.25,-0.5900000000000034,-1.63,12959.0,47439.837
605588.SH,2023-08-29,35.71,38.03,35.56,37.78,35.66,2.1200000000000045,5.95,23242.0,86659.167
605588.SH,2023-08-30,38.16,39.2,37.96,38.55,37.78,0.769999999999996,2.04,21248.0,82173.204
605588.SH,2023-08-31,38.55,40.22,37.97,40.2,38.55,1.6500000000000057,4.28,34877.0,137835.836
605588.SH,2023-09-01,41.91,42.69,39.28,39.32,40.2,-0.8800000000000026,-2.19,71015.0,289436.986
605588.SH,2023-09-04,39.59,43.25,39.46,41.71,39.32,2.3900000000000006,6.08,85708.73,356856.466
605588.SH,2023-09-05,42.29,44.36,41.12,41.78,41.71,0.07000000000000028,0.17,93357.0,399218.609
605588.SH,2023-09-06,42.38,45.96,42.38,45.96,41.78,4.18,10.0,84846.99,379289.345
605588.SH,2023-09-07,50.56,50.56,50.56,50.56,45.96,4.600000000000001,10.01,13399.0,67879.334
605588.SH,2023-09-08,55.62,55.62,55.62,55.62,50.56,5.059999999999995,10.01,6380.0,35555.74
605588.SH,2023-09-11,61.18,61.18,61.18,61.18,55.62,5.560000000000002,10.0,5127.0,31428.51
605588.SH,2023-09-12,63.86,67.3,58.38,59.6,61.18,-1.5799999999999983,-2.58,166662.15,1055915.604
605588.SH,2023-09-13,53.64,60.19,53.64,56.19,59.6,-3.4100000000000037,-5.72,132407.0,742833.517
605588.SH,2023-09-14,55.89,61.81,55.0,61.81,56.19,5.6200000000000045,10.0,134474.0,798055.378
605588.SH,2023-09-15,61.88,67.98,60.32,67.98,61.81,6.170000000000002,9.98,138932.83,898850.006
605588.SH,2023-09-18,64.7,64.7,61.19,61.19,67.98,-6.790000000000006,-9.99,117552.74,730265.464
605588.SH,2023-09-19,58.23,62.82,56.09,61.5,61.19,0.3100000000000023,0.51,104490.83,630133.746
605588.SH,2023-09-20,60.46,66.57,60.4,63.34,61.5,1.8400000000000034,2.99,124159.0,795506.303
605588.SH,2023-09-21,60.06,64.04,57.99,61.67,63.34,-1.6700000000000017,-2.64,98719.5,601915.504
605588.SH,2023-09-22,60.7,65.41,58.46,58.49,61.67,-3.1799999999999997,-5.16,118967.0,736644.248
605588.SH,2023-09-25,56.68,59.89,55.33,57.79,58.49,-0.7000000000000028,-1.2,89927.08,516900.987
605588.SH,2023-09-26,55.8,60.09,53.78,58.73,57.79,0.9399999999999977,1.63,93759.59,534876.297
605588.SH,2023-09-27,60.75,61.3,56.5,57.09,58.73,-1.6399999999999935,-2.79,80364.89,477874.175
605588.SH,2023-09-28,57.52,62.8,56.39,62.8,57.09,5.709999999999994,10.0,82759.66,509204.029
605588.SH,2023-10-09,65.74,69.07,62.88,69.07,62.8,6.269999999999996,9.98,136846.61,915180.156
605588.SH,2023-10-10,68.84,75.98,67.05,75.98,69.07,6.910000000000011,10.0,110738.82,797371.432
605588.SH,2023-10-11,77.05,83.57,68.9,72.45,75.98,-3.530000000000001,-4.65,128674.33,988251.039
605588.SH,2023-10-12,69.91,72.91,65.2,65.2,72.45,-7.25,-10.01,101960.0,683105.131
605588.SH,2023-10-13,63.77,65.2,62.28,64.33,65.2,-0.8700000000000045,-1.33,82946.24,528049.461
605588.SH,2023-10-16,62.38,62.88,57.89,57.89,64.33,-6.439999999999998,-10.01,60021.98,356648.731
605588.SH,2023-10-17,56.03,59.37,55.91,58.08,57.89,0.18999999999999773,0.33,69520.0,401572.898
605588.SH,2023-10-18,58.88,60.88,56.9,58.0,58.08,-0.0799999999999983,-0.14,65241.51,385254.629
605588.SH,2023-10-19,55.89,60.32,55.59,56.34,58.0,-1.6599999999999966,-2.86,59945.0,348803.456
605588.SH,2023-10-20,54.6,55.38,51.75,52.22,56.34,-4.1200000000000045,-7.31,68156.25,361458.733
605588.SH,2023-10-23,52.32,53.59,51.7,52.19,52.22,-0.030000000000001137,-0.06,44114.1,232512.213
605588.SH,2023-10-24,52.62,53.77,51.19,52.61,52.19,0.4200000000000017,0.8,45012.15,236898.06
605588.SH,2023-10-25,52.4,53.73,51.9,53.58,52.61,0.9699999999999989,1.84,51785.0,274187.988
605588.SH,2023-10-26,52.73,54.28,51.9,52.76,53.58,-0.8200000000000003,-1.53,48105.0,254795.942
605588.SH,2023-10-27,52.71,58.03,50.93,58.03,52.76,5.270000000000003,9.99,94342.49,521282.065
605588.SH,2023-10-30,55.89,57.37,54.48,56.57,58.03,-1.4600000000000009,-2.52,82698.0,463805.266
605588.SH,2023-10-31,55.43,57.06,54.19,55.3,56.57,-1.2700000000000031,-2.25,53621.0,298846.739
605588.SH,2023-11-01,55.37,55.38,53.19,53.61,55.3,-1.6899999999999977,-3.06,38497.36,207536.376
605588.SH,2023-11-02,53.32,53.89,52.08,52.37,53.61,-1.240000000000002,-2.31,29870.0,157748.447
605588.SH,2023-11-03,51.9,56.6,51.9,53.78,52.37,1.4100000000000037,2.69,41238.49,222762.136
605588.SH,2023-11-06,54.1,55.56,52.8,55.23,53.78,1.4499999999999957,2.7,44145.0,241870.887
605588.SH,2023-11-07,55.87,57.75,55.44,56.9,55.23,1.6700000000000017,3.02,73327.89,415887.099
605588.SH,2023-11-08,56.08,59.21,56.08,58.2,56.9,1.3000000000000043,2.28,73514.6,424663.096
605588.SH,2023-11-09,57.88,63.38,57.54,61.78,58.2,3.5799999999999983,6.15,98266.0,593647.451
605588.SH,2023-11-10,58.66,59.51,55.6,55.64,61.78,-6.140000000000001,-9.94,66313.0,378352.806
605588.SH,2023-11-13,56.49,56.59,53.75,56.34,55.64,0.7000000000000028,1.26,38765.0,215230.389
605588.SH,2023-11-14,55.59,57.79,55.3,57.17,56.34,0.8299999999999983,1.47,40632.0,231459.703
605588.SH,2023-11-15,57.17,58.18,55.97,57.59,57.17,0.4200000000000017,0.73,43363.0,248037.606
605588.SH,2023-11-16,57.89,60.76,57.21,59.72,57.59,2.1299999999999955,3.7,70706.0,418675.443
605588.SH,2023-11-17,58.72,59.33,57.89,59.19,59.72,-0.5300000000000011,-0.89,41935.0,246045.089
605588.SH,2023-11-20,58.58,58.88,57.6,58.2,59.19,-0.9899999999999949,-1.67,31363.0,182760.306
605588.SH,2023-11-21,58.2,58.27,55.65,56.05,58.2,-2.1500000000000057,-3.69,35723.0,203367.992
605588.SH,2023-11-22,55.58,56.7,55.37,55.42,56.05,-0.6299999999999955,-1.12,20507.0,114698.462
605588.SH,2023-11-23,54.91,55.19,52.59,54.09,55.42,-1.3299999999999983,-2.4,26952.0,145101.19
605588.SH,2023-11-24,53.89,54.09,52.27,52.42,54.09,-1.6700000000000017,-3.09,24038.0,127249.504
605588.SH,2023-11-27,52.38,54.82,51.9,54.53,52.42,2.1099999999999994,4.03,29622.0,159353.351
605588.SH,2023-11-28,53.8,54.89,52.87,53.23,54.53,-1.3000000000000043,-2.38,23754.0,127847.965
605588.SH,2023-11-29,53.24,57.89,52.89,55.31,53.23,2.0800000000000054,3.91,53151.0,298542.845
605588.SH,2023-11-30,54.78,55.42,52.78,53.72,55.31,-1.5900000000000034,-2.87,33132.0,178677.571
605588.SH,2023-12-01,53.23,53.71,52.5,53.2,53.72,-0.519999999999996,-0.97,19571.0,103686.134
605588.SH,2023-12-04,53.09,53.78,52.76,53.32,53.2,0.11999999999999744,0.23,15600.0,83419.598
605588.SH,2023-12-05,52.86,53.31,51.18,51.19,53.32,-2.1300000000000026,-3.99,22438.0,116304.886
605588.SH,2023-12-06,50.81,51.4,48.76,49.3,51.19,-1.8900000000000006,-3.69,28916.0,144420.52
605588.SH,2023-12-07,49.08,49.77,49.08,49.5,49.3,0.20000000000000284,0.41,16917.0,83824.46
605588.SH,2023-12-08,49.61,51.02,49.55,49.94,49.5,0.4399999999999977,0.89,15769.0,79233.774
605588.SH,2023-12-11,49.6,50.73,49.0,50.22,49.94,0.28000000000000114,0.56,15337.0,76653.703
605588.SH,2023-12-12,50.22,50.77,49.8,50.51,50.22,0.28999999999999915,0.58,16029.0,80961.457
605588.SH,2023-12-13,50.39,50.42,49.23,49.32,50.51,-1.1899999999999977,-2.36,12356.0,61575.228
605588.SH,2023-12-14,49.57,49.96,48.6,48.7,49.32,-0.6199999999999974,-1.26,13895.0,68189.863
605588.SH,2023-12-15,48.51,48.92,48.1,48.51,48.7,-0.19000000000000483,-0.39,9667.0,46970.456
605588.SH,2023-12-18,48.25,48.68,47.82,47.97,48.51,-0.5399999999999991,-1.11,9116.0,43923.1
605588.SH,2023-12-19,47.97,48.47,47.64,48.22,47.97,0.25,0.52,9657.0,46495.706
605588.SH,2023-12-20,48.25,49.02,48.01,48.13,48.22,-0.0899999999999963,-0.19,16698.0,81258.988
605588.SH,2023-12-21,46.08,48.7,45.91,48.03,48.13,-0.10000000000000142,-0.21,14400.0,68611.753
605588.SH,2023-12-22,48.36,48.58,46.96,47.11,48.03,-0.9200000000000017,-1.92,11112.98,53031.188
605588.SH,2023-12-25,47.38,47.59,46.73,47.36,47.11,0.25,0.53,9122.0,43142.708
605588.SH,2023-12-26,47.14,47.27,46.01,46.52,47.36,-0.8399999999999963,-1.77,9530.02,44382.957
605588.SH,2023-12-27,46.63,48.73,46.4,48.42,46.52,1.8999999999999986,4.08,22238.0,106756.788
605588.SH,2023-12-28,47.91,50.72,47.78,49.84,48.42,1.4200000000000017,2.93,31894.98,157887.002
605588.SH,2023-12-29,49.76,52.38,49.66,51.6,49.84,1.759999999999998,3.53,37208.0,190601.336
605588.SH,2024-01-02,51.12,51.6,50.11,50.34,51.6,-1.259999999999998,-2.44,21793.0,110577.054
605588.SH,2024-01-03,50.3,54.14,49.85,53.53,50.34,3.1899999999999977,6.34,63306.0,331594.179
605588.SH,2024-01-04,51.9,54.69,51.9,54.68,53.53,1.1499999999999986,2.15,62116.0,333174.805
605588.SH,2024-01-05,53.89,54.09,50.36,51.3,54.68,-3.3800000000000026,-6.18,37803.0,198136.426
605588.SH,2024-01-08,50.55,50.9,46.37,46.77,51.3,-4.529999999999994,-8.83,30698.0,146692.707
605588.SH,2024-01-09,46.65,51.45,46.41,51.45,46.77,4.68,10.01,22072.0,111086.428
605588.SH,2024-01-10,51.9,51.9,49.55,49.59,51.45,-1.8599999999999994,-3.62,35218.58,177614.634
605588.SH,2024-01-11,49.8,50.07,48.3,49.35,49.59,-0.240000000000002,-0.48,25603.6,126224.382
605588.SH,2024-01-12,49.2,50.37,47.8,48.49,49.35,-0.8599999999999994,-1.74,21222.0,104012.522
605588.SH,2024-01-15,47.75,50.18,47.49,48.79,48.49,0.29999999999999716,0.62,21964.0,108090.679
605588.SH,2024-01-16,48.0,48.5,46.66,47.24,48.79,-1.5499999999999972,-3.18,20294.0,96279.746
605588.SH,2024-01-17,46.91,47.4,44.51,44.82,47.24,-2.4200000000000017,-5.12,20804.0,94928.37
605588.SH,2024-01-18,43.91,45.5,43.66,45.38,44.82,0.5600000000000023,1.25,17545.0,77916.688
605588.SH,2024-01-19,45.41,45.91,44.71,44.92,45.38,-0.46000000000000085,-1.01,10577.0,47930.253
605588.SH,2024-01-22,44.43,45.2,41.9,42.23,44.92,-2.690000000000005,-5.99,13970.0,60485.816
605588.SH,2024-01-23,42.23,43.39,41.42,42.42,42.23,0.19000000000000483,0.45,12959.0,54751.362
605588.SH,2024-01-24,42.47,42.96,40.62,42.3,42.42,-0.12000000000000455,-0.28,11747.0,49301.803
605588.SH,2024-01-25,42.32,45.12,41.88,44.86,42.3,2.5600000000000023,6.05,22135.0,97530.571
605588.SH,2024-01-26,45.01,45.14,43.92,44.16,44.86,-0.7000000000000028,-1.56,13421.0,59917.607
605588.SH,2024-01-29,44.86,44.86,41.91,42.04,44.16,-2.1199999999999974,-4.8,15143.0,64895.138
605588.SH,2024-01-30,42.42,42.42,40.32,40.51,42.04,-1.5300000000000011,-3.64,11247.0,46188.059
605588.SH,2024-01-31,39.92,40.9,37.39,37.65,40.51,-2.8599999999999994,-7.06,15853.0,61366.501
605588.SH,2024-02-01,37.3,38.78,36.44,38.08,37.65,0.4299999999999997,1.14,14566.0,55068.938
605588.SH,2024-02-02,38.3,39.12,34.83,36.34,38.08,-1.7399999999999949,-4.57,16555.0,62069.781
605588.SH,2024-02-05,36.7,36.7,32.7,32.7,36.34,-3.6400000000000006,-10.02,16864.0,56312.625
605588.SH,2024-02-06,31.1,33.81,29.43,32.48,32.7,-0.22000000000000597,-0.67,22238.0,70154.994
605588.SH,2024-02-07,32.92,33.5,29.33,30.43,32.48,-2.049999999999997,-6.31,28893.4,91100.322
605588.SH,2024-02-08,30.44,33.11,29.34,33.0,30.43,2.5700000000000003,8.45,24038.0,76752.957
605588.SH,2024-02-19,33.53,35.53,33.53,35.44,33.0,2.4399999999999977,7.39,24326.86,84366.771
605588.SH,2024-02-20,34.64,36.1,34.22,35.95,35.44,0.5100000000000051,1.44,17882.39,62939.517
605588.SH,2024-02-21,35.65,37.91,35.23,36.53,35.95,0.5799999999999983,1.61,25048.0,92820.069
605588.SH,2024-02-22,36.88,38.36,36.5,38.36,36.53,1.8299999999999983,5.01,27911.0,104954.059
605588.SH,2024-02-23,38.66,39.72,37.95,39.55,38.36,1.1899999999999977,3.1,26772.0,104020.69
605588.SH,2024-02-26,38.92,41.06,38.42,39.9,39.55,0.3500000000000014,0.88,28284.0,113044.283
605588.SH,2024-02-27,39.92,42.67,39.6,42.3,39.9,2.3999999999999986,6.02,30270.0,125764.799
605588.SH,2024-02-28,42.25,43.3,38.06,38.06,42.3,-4.239999999999995,-10.02,37617.0,153093.379
605588.SH,2024-02-29,36.89,41.42,36.74,40.69,38.06,2.6299999999999955,6.91,44807.0,179865.126
605588.SH,2024-03-01,40.69,42.39,40.52,42.27,40.69,1.5800000000000054,3.88,39391.0,164102.283
605588.SH,2024-03-04,41.92,42.75,40.71,41.63,42.27,-0.6400000000000006,-1.51,27119.0,112923.072
605588.SH,2024-03-05,41.62,43.64,41.08,41.75,41.63,0.11999999999999744,0.29,34828.0,148095.776
605588.SH,2024-03-06,41.29,41.96,40.1,41.26,41.75,-0.490000000000002,-1.17,24056.0,98870.102
605588.SH,2024-03-07,41.66,42.31,40.13,40.27,41.26,-0.9899999999999949,-2.4,22992.0,95128.882
605588.SH,2024-03-08,40.65,41.51,40.07,41.37,40.27,1.0999999999999943,2.73,19117.0,78622.048
605588.SH,2024-03-11,41.65,42.08,40.68,41.91,41.37,0.5399999999999991,1.31,17175.0,71183.488
605588.SH,2024-03-12,42.12,45.56,41.7,44.97,41.91,3.0600000000000023,7.3,59534.66,262178.499
605588.SH,2024-03-13,47.11,49.47,47.07,49.47,44.97,4.5,10.01,61532.66,298906.834
605588.SH,2024-03-14,47.78,48.5,44.95,45.73,49.47,-3.740000000000002,-7.56,76772.74,357426.014
605588.SH,2024-03-15,45.73,45.86,44.09,45.58,45.73,-0.14999999999999858,-0.33,37146.27,166970.828
605588.SH,2024-03-18,44.91,46.61,44.87,46.36,45.58,0.7800000000000011,1.71,39278.0,180466.229
605588.SH,2024-03-19,46.6,47.39,45.71,45.73,46.36,-0.6300000000000026,-1.36,31441.88,145858.457
605588.SH,2024-03-20,46.11,48.2,45.59,48.2,45.73,2.470000000000006,5.4,55621.54,263822.989
605588.SH,2024-03-21,47.85,47.85,46.33,47.24,48.2,-0.9600000000000009,-1.99,38288.0,180548.448
605588.SH,2024-03-22,46.79,47.29,44.89,45.26,47.24,-1.980000000000004,-4.19,32786.0,150464.232
605588.SH,2024-03-25,46.13,49.79,46.13,48.58,45.26,3.3200000000000003,7.34,74613.0,369283.278
605588.SH,2024-03-26,50.9,53.44,47.43,49.31,48.58,0.730000000000004,1.5,113583.26,584323.112
605588.SH,2024-03-27,45.28,46.41,44.38,44.38,49.31,-4.93,-10.0,44419.0,199752.985
605588.SH,2024-03-28,40.92,44.37,40.42,43.01,44.38,-1.3700000000000045,-3.09,67758.66,287933.336
605588.SH,2024-03-29,42.06,45.76,40.92,45.3,43.01,2.289999999999999,5.32,60831.66,261141.08
605588.SH,2024-04-01,45.95,47.79,45.95,46.89,45.3,1.5900000000000034,3.51,64758.66,304130.991
605588.SH,2024-04-02,46.21,47.38,44.81,45.78,46.89,-1.1099999999999994,-2.37,42636.22,196120.813
605588.SH,2024-04-03,45.04,50.36,44.01,50.36,45.78,4.579999999999998,10.0,81620.12,394694.074
605588.SH,2024-04-08,49.6,53.28,47.51,50.39,50.36,0.030000000000001137,0.06,98222.86,491759.456
605588.SH,2024-04-09,48.93,49.25,47.71,49.08,50.39,-1.3100000000000023,-2.6,54515.86,265123.563
605588.SH,2024-04-10,48.28,50.13,47.49,49.3,49.08,0.21999999999999886,0.45,47578.0,233213.621
605588.SH,2024-04-11,47.9,51.27,47.9,49.43,49.3,0.13000000000000256,0.26,50975.86,255538.946
605588.SH,2024-04-12,48.91,49.58,44.5,45.8,49.43,-3.6300000000000026,-7.34,54484.0,256116.665
605588.SH,2024-04-15,44.91,45.11,41.42,41.59,45.8,-4.209999999999994,-9.19,40704.0,176067.262
605588.SH,2024-04-16,41.51,41.52,37.43,37.43,41.59,-4.160000000000004,-10.0,36998.0,141227.455
605588.SH,2024-04-17,37.44,40.6,37.44,40.02,37.43,2.5900000000000034,6.92,31180.0,123542.728
605588.SH,2024-04-18,40.0,40.42,37.92,38.85,40.02,-1.1700000000000017,-2.92,30266.0,118688.74
605588.SH,2024-04-19,37.92,38.72,36.94,37.7,38.85,-1.1499999999999986,-2.96,28846.0,108973.681
605588.SH,2024-04-22,36.93,37.02,35.55,36.03,37.7,-1.6700000000000017,-4.43,20695.0,74936.17
605588.SH,2024-04-23,36.29,36.92,36.28,36.63,36.03,0.6000000000000014,1.67,16457.0,60361.155
605588.SH,2024-04-24,36.63,37.94,36.63,37.94,36.63,1.3099999999999952,3.58,20390.0,76553.171
605588.SH,2024-04-25,37.8,39.11,37.13,38.22,37.94,0.28000000000000114,0.74,21630.0,82882.442
605588.SH,2024-04-26,38.42,39.54,37.8,39.27,38.22,1.0500000000000043,2.75,23964.0,93738.766
605588.SH,2024-04-29,39.28,40.65,39.2,40.6,39.27,1.3299999999999983,3.39,19604.0,79066.53
605588.SH,2024-04-30,40.56,41.23,39.33,39.7,40.6,-0.8999999999999986,-2.22,19311.0,77402.401
605588.SH,2024-05-06,40.44,40.92,39.84,40.18,39.7,0.4799999999999969,1.21,15857.0,63843.198
605588.SH,2024-05-07,40.17,40.42,39.5,39.78,40.18,-0.3999999999999986,-1.0,13860.0,55500.441
605588.SH,2024-05-08,39.89,39.92,38.93,39.32,39.78,-0.46000000000000085,-1.16,12288.0,48539.216
605588.SH,2024-05-09,39.69,40.08,39.32,39.79,39.32,0.46999999999999886,1.2,12573.0,50101.386
605588.SH,2024-05-10,39.87,39.87,38.25,38.42,39.79,-1.3699999999999974,-3.44,15607.0,60469.057
605588.SH,2024-05-13,38.25,38.25,37.03,37.18,38.42,-1.240000000000002,-3.23,11951.0,44783.703
605588.SH,2024-05-14,37.54,38.8,37.5,38.23,37.18,1.0499999999999972,2.82,15244.0,58254.55
605588.SH,2024-05-15,38.22,39.25,37.61,37.78,38.23,-0.44999999999999574,-1.18,14924.0,57318.898
605588.SH,2024-05-16,37.92,38.22,37.36,37.81,37.78,0.030000000000001137,0.08,11617.0,44043.311
605588.SH,2024-05-17,37.74,38.67,37.32,38.63,37.81,0.8200000000000003,2.17,14921.0,57092.011
605588.SH,2024-05-20,38.59,39.22,38.35,38.99,38.63,0.35999999999999943,0.93,13044.0,50722.766
605588.SH,2024-05-21,38.93,39.37,38.5,39.19,38.99,0.19999999999999574,0.51,15385.0,60173.516
605588.SH,2024-05-22,38.82,39.52,38.7,39.4,39.19,0.21000000000000085,0.54,16781.0,65858.877
605588.SH,2024-05-23,39.69,39.69,38.62,38.72,39.4,-0.6799999999999997,-1.73,14601.0,57065.251
605588.SH,2024-05-24,38.72,38.9,37.53,37.62,38.72,-1.1000000000000014,-2.84,11433.0,43602.465
605588.SH,2024-05-27,37.53,39.37,36.33,39.32,37.62,1.7000000000000028,4.52,29301.0,111903.648
605588.SH,2024-05-28,39.3,40.72,38.8,39.57,39.32,0.25,0.64,33088.0,132239.067
605588.SH,2024-05-29,39.15,40.11,38.38,39.09,39.57,-0.4799999999999969,-1.21,20495.0,80664.365
605588.SH,2024-05-30,40.12,43.0,40.12,43.0,39.09,3.9099999999999966,10.0,69017.0,292918.477
605588.SH,2024-05-31,42.87,45.16,42.58,43.52,43.0,0.5200000000000031,1.21,91489.0,401863.612
605588.SH,2024-06-03,41.92,43.57,41.52,42.61,43.52,-0.9100000000000037,-2.09,52223.74,222131.926
605588.SH,2024-06-04,42.78,43.5,40.72,41.82,42.61,-0.7899999999999991,-1.85,48437.74,205130.858
605588.SH,2024-06-05,40.92,42.2,40.6,41.25,41.82,-0.5700000000000003,-1.36,33976.0,140508.003
605588.SH,2024-06-06,41.94,41.94,38.22,38.37,41.25,-2.8800000000000026,-6.98,43284.0,172821.513
605588.SH,2024-06-07,38.62,41.92,37.43,39.58,38.37,1.2100000000000009,3.15,37568.0,149545.91
605588.SH,2024-06-11,39.31,41.2,38.31,41.17,39.58,1.5900000000000034,4.02,39057.0,157331.848
605588.SH,2024-06-12,40.52,43.38,40.42,43.01,41.17,1.8399999999999963,4.47,59083.0,250339.088
605588.SH,2024-06-13,42.91,43.56,42.1,42.41,43.01,-0.6000000000000014,-1.4,52776.0,226016.326
605588.SH,2024-06-14,41.72,43.29,41.3,43.29,42.41,0.8800000000000026,2.07,41387.32,175769.82
605588.SH,2024-06-17,43.28,43.41,42.65,42.88,43.29,-0.4099999999999966,-0.95,35975.32,155248.191
605588.SH,2024-06-18,42.86,45.71,42.14,44.71,42.88,1.8299999999999983,4.27,62193.68,273938.464
605588.SH,2024-06-19,44.26,49.18,43.96,47.63,44.71,2.9200000000000017,6.53,104982.68,488308.93
605588.SH,2024-06-20,45.91,47.31,43.07,43.71,47.63,-3.9200000000000017,-8.23,70991.0,323891.888
605588.SH,2024-06-21,43.31,44.96,41.39,44.81,43.71,1.1000000000000014,2.52,51499.0,223839.901
605588.SH,2024-06-24,43.41,44.73,42.22,42.83,44.81,-1.980000000000004,-4.42,41166.99,180281.822
605588.SH,2024-06-25,42.44,43.82,41.57,41.93,42.85,-0.9200000000000017,-2.15,30456.0,130102.167
605588.SH,2024-06-26,41.5,42.08,39.0,42.06,41.93,0.13000000000000256,0.31,30799.51,125659.897
605588.SH,2024-06-27,41.11,42.29,40.11,40.26,42.06,-1.8000000000000043,-4.28,26383.51,108803.275
605588.SH,2024-06-28,39.7,41.49,39.6,40.68,40.26,0.4200000000000017,1.04,25587.51,104451.189
605588.SH,2024-07-01,40.6,40.89,38.58,39.4,40.68,-1.2800000000000011,-3.15,28707.0,113042.253
605588.SH,2024-07-02,39.01,39.48,38.2,38.45,39.4,-0.9499999999999957,-2.41,17782.0,68958.475
605588.SH,2024-07-03,38.47,39.06,37.32,38.63,38.45,0.17999999999999972,0.47,22991.0,87916.221
605588.SH,2024-07-04,38.0,38.43,36.75,36.8,38.63,-1.8300000000000054,-4.74,21609.0,80932.575
605588.SH,2024-07-05,36.82,37.16,35.76,36.77,36.8,-0.02999999999999403,-0.08,15466.0,56330.894
605588.SH,2024-07-08,36.78,37.63,36.46,36.85,36.77,0.0799999999999983,0.22,18699.0,69458.173
605588.SH,2024-07-09,36.81,38.76,36.19,38.62,36.85,1.769999999999996,4.8,31853.0,120661.886
605588.SH,2024-07-10,38.78,38.78,38.03,38.16,38.62,-0.46000000000000085,-1.19,19935.0,76501.427
605588.SH,2024-07-11,38.91,39.47,38.26,39.38,38.16,1.220000000000006,3.2,26821.4,104623.169
605588.SH,2024-07-12,39.07,41.2,38.55,40.36,39.38,0.9799999999999969,2.49,32023.68,127545.13
605588.SH,2024-07-15,39.56,40.34,38.76,38.76,40.36,-1.6000000000000014,-3.96,22851.68,90211.857
605588.SH,2024-07-16,38.84,42.64,38.37,40.85,38.76,2.0900000000000034,5.39,49452.4,202408.351
605588.SH,2024-07-17,40.41,41.15,39.45,39.52,40.85,-1.3299999999999983,-3.26,32684.0,130350.095
605588.SH,2024-07-18,39.71,40.6,37.75,39.0,39.52,-0.5200000000000031,-1.32,31720.4,124242.237
605588.SH,2024-07-19,39.0,40.74,38.64,40.21,39.0,1.2100000000000009,3.1,38905.4,156084.126
605588.SH,2024-07-22,39.78,40.68,39.7,39.83,40.21,-0.38000000000000256,-0.95,24338.0,97414.973
605588.SH,2024-07-23,39.72,39.72,37.65,37.69,39.83,-2.1400000000000006,-5.37,26135.0,100764.109
605588.SH,2024-07-24,37.44,41.38,37.44,38.58,37.69,0.8900000000000006,2.36,31622.0,124239.051
605588.SH,2024-07-25,37.59,39.7,37.56,38.83,38.58,0.25,0.65,30689.0,118608.637
605588.SH,2024-07-26,38.4,38.88,37.92,38.39,38.83,-0.4399999999999977,-1.13,22610.0,86847.14
605588.SH,2024-07-29,38.41,40.78,37.91,39.74,38.39,1.3500000000000014,3.52,37634.0,148862.882
605588.SH,2024-07-30,38.97,39.5,38.3,39.25,39.74,-0.490000000000002,-1.23,25738.91,100215.626
605588.SH,2024-07-31,38.8,40.39,38.53,40.19,39.25,0.9399999999999977,2.39,33031.4,131590.629
605588.SH,2024-08-01,40.45,40.8,39.85,40.13,40.19,-0.05999999999999517,-0.15,31175.0,125541.435
605588.SH,2024-08-02,39.48,40.1,38.7,38.76,40.13,-1.3700000000000045,-3.41,19646.0,77444.956
605588.SH,2024-08-05,38.06,38.66,36.6,36.94,38.76,-1.8200000000000003,-4.7,24586.0,92483.714
605588.SH,2024-08-06,37.5,37.75,36.8,37.27,36.94,0.3300000000000054,0.89,11417.0,42390.252
605588.SH,2024-08-07,37.4,37.4,35.78,35.81,37.27,-1.4600000000000009,-3.92,22669.0,82486.682
605588.SH,2024-08-08,35.15,35.39,33.33,34.65,35.81,-1.1600000000000037,-3.24,24669.99,84371.482
605588.SH,2024-08-09,35.07,35.35,34.42,34.52,34.65,-0.12999999999999545,-0.38,13171.0,45736.975
605588.SH,2024-08-12,34.4,35.9,34.21,35.15,34.52,0.6299999999999955,1.83,18127.0,63948.019
605588.SH,2024-08-13,34.61,35.87,34.61,35.5,35.15,0.3500000000000014,1.0,16207.0,57260.965
605588.SH,2024-08-14,35.14,35.98,35.11,35.5,35.5,0.0,0.0,13718.0,48889.434
605588.SH,2024-08-15,35.26,35.9,35.0,35.02,35.5,-0.4799999999999969,-1.35,14252.0,50520.15
605588.SH,2024-08-16,35.01,36.26,35.0,35.71,35.02,0.6899999999999977,1.97,19979.0,71438.924
605588.SH,2024-08-19,35.86,35.86,34.82,34.87,35.71,-0.8400000000000034,-2.35,14111.0,49607.218
605588.SH,2024-08-20,34.6,35.48,34.3,34.55,34.87,-0.3200000000000003,-0.92,10703.0,37357.963
605588.SH,2024-08-21,34.61,35.09,34.3,34.74,34.55,0.19000000000000483,0.55,6850.0,23789.474
605588.SH,2024-08-22,34.77,34.85,33.68,33.69,34.74,-1.0500000000000043,-3.02,10176.0,34665.763
605588.SH,2024-08-23,33.5,34.14,33.0,33.85,33.69,0.1600000000000037,0.47,10414.0,34979.794
605588.SH,2024-08-26,34.15,34.86,33.72,34.84,33.85,0.990000000000002,2.92,16024.99,55291.015
605588.SH,2024-08-27,34.54,34.84,33.2,33.26,34.84,-1.5800000000000054,-4.54,13794.99,46646.184
605588.SH,2024-08-28,33.29,33.89,33.1,33.58,33.26,0.3200000000000003,0.96,8681.99,29170.899
605588.SH,2024-08-29,33.26,35.46,33.12,34.89,33.58,1.3100000000000023,3.9,20679.0,71750.847
605588.SH,2024-08-30,35.5,37.54,35.5,36.8,34.89,1.9099999999999966,5.47,36749.0,134888.621
605588.SH,2024-09-02,38.0,40.48,37.81,40.48,36.8,3.6799999999999997,10.0,39219.0,156763.735
605588.SH,2024-09-03,40.0,42.58,39.4,41.98,40.48,1.5,3.71,92899.0,382879.663
605588.SH,2024-09-04,43.46,46.18,41.03,41.75,41.98,-0.22999999999999687,-0.55,83727.0,364207.412
605588.SH,2024-09-05,39.56,40.48,37.58,37.69,41.75,-4.060000000000002,-9.72,76401.0,292523.897
605588.SH,2024-09-06,37.3,40.5,37.3,38.6,37.69,0.9100000000000037,2.41,69709.8,271902.722
605588.SH,2024-09-09,38.98,40.3,37.71,37.88,38.6,-0.7199999999999989,-1.87,49459.0,191437.225
605588.SH,2024-09-10,37.13,38.17,36.4,37.83,37.88,-0.05000000000000426,-0.13,36369.0,135465.977
605588.SH,2024-09-11,37.53,37.57,36.23,36.25,37.83,-1.5799999999999983,-4.18,31574.0,115844.388
605588.SH,2024-09-12,36.69,36.78,35.34,35.4,36.25,-0.8500000000000014,-2.34,26151.0,93913.776
605588.SH,2024-09-13,35.1,35.47,34.39,34.39,35.4,-1.009999999999998,-2.85,21028.0,73013.837
605588.SH,2024-09-18,36.44,36.93,34.18,34.98,34.39,0.5899999999999963,1.72,33737.0,117985.8
605588.SH,2024-09-19,35.0,35.4,34.07,35.08,34.98,0.10000000000000142,0.29,35015.0,121975.443
605588.SH,2024-09-20,34.68,35.07,34.43,34.78,35.08,-0.29999999999999716,-0.86,20564.0,71378.689
605588.SH,2024-09-23,34.19,35.28,34.19,34.86,34.78,0.0799999999999983,0.23,19540.0,68241.34
605588.SH,2024-09-24,34.9,35.98,34.53,35.95,34.86,1.0900000000000034,3.13,34795.0,123237.845
605588.SH,2024-09-25,35.65,36.89,35.6,35.83,35.95,-0.12000000000000455,-0.33,35228.0,127425.989
605588.SH,2024-09-26,35.83,36.52,35.64,36.52,35.83,0.6900000000000048,1.93,24935.0,90283.809
605588.SH,2024-09-27,36.98,38.48,36.73,38.35,36.52,1.8299999999999983,5.01,25220.0,94926.35
605588.SH,2024-09-30,39.89,42.03,38.6,41.82,38.35,3.469999999999999,9.05,61608.0,250721.683
605588.SH,2024-10-08,45.98,46.0,43.0,46.0,41.82,4.18,10.0,65691.0,297004.673
605588.SH,2024-10-09,46.0,46.0,42.1,42.1,46.0,-3.8999999999999986,-8.48,51481.0,227074.937
605588.SH,2024-10-10,42.24,42.88,40.66,41.4,42.1,-0.7000000000000028,-1.66,33228.0,139229.245
605588.SH,2024-10-11,41.03,41.38,38.52,39.1,41.4,-2.299999999999997,-5.56,26582.0,105282.698
605588.SH,2024-10-14,39.36,42.47,38.4,42.37,39.1,3.269999999999996,8.36,39493.0,160602.801
605588.SH,2024-10-15,41.52,44.13,41.39,41.8,42.37,-0.5700000000000003,-1.35,40579.0,173848.333
605588.SH,2024-10-16,41.19,42.62,41.01,41.18,41.8,-0.6199999999999974,-1.48,27055.0,112950.176
605588.SH,2024-10-17,41.78,42.88,41.37,41.87,41.18,0.6899999999999977,1.68,26150.0,109850.536
605588.SH,2024-10-18,42.0,46.06,42.0,46.06,41.87,4.190000000000005,10.01,60732.66,270172.067
605588.SH,2024-10-21,48.07,50.32,47.0,47.62,46.06,1.5599999999999952,3.39,115951.0,560954.587
605588.SH,2024-10-22,47.49,47.49,45.39,45.95,47.62,-1.6699999999999946,-3.51,58443.0,269050.025
605588.SH,2024-10-23,44.88,45.84,44.38,44.8,45.95,-1.1500000000000057,-2.5,41628.0,187561.158
605588.SH,2024-10-24,44.8,45.83,44.6,45.43,44.8,0.6300000000000026,1.41,37326.0,169202.068
605588.SH,2024-10-25,45.45,45.97,44.68,45.51,45.43,0.0799999999999983,0.18,30767.0,139480.813
605588.SH,2024-10-28,44.51,45.25,43.8,45.25,45.51,-0.259999999999998,-0.57,33713.0,150296.738
605588.SH,2024-10-29,45.0,45.98,44.22,44.28,45.25,-0.9699999999999989,-2.14,36710.02,165073.984
605588.SH,2024-10-30,44.01,45.49,43.5,45.26,44.28,0.9799999999999969,2.21,36773.0,163716.262
605588.SH,2024-10-31,45.27,49.5,44.3,47.93,45.26,2.6700000000000017,5.9,64154.0,297021.796
605588.SH,2024-11-01,48.25,52.72,48.25,50.0,47.93,2.0700000000000003,4.32,101124.98,509961.446
605588.SH,2024-11-04,49.99,51.56,46.46,49.69,50.0,-0.3100000000000023,-0.62,57921.0,288168.725
605588.SH,2024-11-05,49.05,52.52,49.05,52.07,49.69,2.3800000000000026,4.79,72004.0,368846.735
605588.SH,2024-11-06,51.89,52.0,49.81,50.2,52.07,-1.8699999999999974,-3.59,51759.0,262316.732
605588.SH,2024-11-07,51.5,53.0,50.3,50.65,50.2,0.44999999999999574,0.9,58753.98,302788.389
605588.SH,2024-11-08,51.0,55.72,51.0,53.6,50.65,2.950000000000003,5.82,91381.0,484401.708
605588.SH,2024-11-11,55.0,56.68,53.8,53.86,53.6,0.259999999999998,0.49,80665.0,442624.907
605588.SH,2024-11-12,52.0,53.8,51.0,51.45,53.86,-2.4099999999999966,-4.47,58188.0,302200.992
605588.SH,2024-11-13,50.25,52.49,49.75,50.81,51.45,-0.6400000000000006,-1.24,36068.0,182838.447
605588.SH,2024-11-14,50.3,51.49,49.0,49.05,50.81,-1.7600000000000051,-3.46,28390.0,142803.201
605588.SH,2024-11-15,49.05,49.67,46.85,46.86,49.05,-2.1899999999999977,-4.46,27225.99,131655.138
605588.SH,2024-11-18,47.04,47.49,44.5,44.65,46.86,-2.210000000000001,-4.72,24404.0,111358.961
605588.SH,2024-11-19,45.26,48.1,44.8,47.99,44.65,3.3400000000000034,7.48,35278.99,164249.846
605588.SH,2024-11-20,47.97,50.86,47.13,50.5,47.99,2.509999999999998,5.23,45177.0,222164.359
605588.SH,2024-11-21,49.99,52.15,49.1,52.0,50.5,1.5,2.97,42616.0,215305.703
605588.SH,2024-11-22,51.1,51.85,46.89,47.23,52.0,-4.770000000000003,-9.17,48664.98,239105.413
605588.SH,2024-11-25,47.88,49.55,47.23,48.68,47.23,1.4500000000000028,3.07,30414.98,147377.365
605588.SH,2024-11-26,48.49,48.88,47.0,47.5,48.68,-1.1799999999999997,-2.42,21411.0,102631.068
605588.SH,2024-11-27,46.74,47.65,44.85,47.5,47.5,0.0,0.0,26089.0,120837.067
605588.SH,2024-11-28,47.04,47.5,46.1,46.43,47.5,-1.0700000000000003,-2.25,22426.0,104845.938
605588.SH,2024-11-29,46.21,48.5,46.2,47.97,46.43,1.5399999999999991,3.32,29309.0,139854.726
605588.SH,2024-12-02,47.96,47.96,46.8,47.7,47.97,-0.269999999999996,-0.56,23185.0,110124.242
605588.SH,2024-12-03,48.0,49.37,47.29,47.59,47.7,-0.10999999999999943,-0.23,24477.94,118026.833
605588.SH,2024-12-04,49.0,50.88,47.0,48.18,47.59,0.5899999999999963,1.24,32535.0,159122.789
605588.SH,2024-12-05,47.0,47.9,46.69,47.07,48.18,-1.1099999999999994,-2.3,27182.0,128157.126
605588.SH,2024-12-06,46.8,47.01,45.79,46.34,47.07,-0.7299999999999969,-1.55,24204.0,112266.063
605588.SH,2024-12-09,46.0,46.67,44.8,45.36,46.34,-0.980000000000004,-2.11,27966.43,127560.944
605588.SH,2024-12-10,46.52,46.73,45.58,45.65,45.36,0.28999999999999915,0.64,25930.0,119848.505
605588.SH,2024-12-11,45.7,46.45,45.38,46.1,45.65,0.45000000000000284,0.99,17367.0,79992.586
605588.SH,2024-12-12,46.1,46.2,45.0,45.7,46.1,-0.3999999999999986,-0.87,19747.43,89942.629
605588.SH,2024-12-13,45.7,46.2,44.93,45.55,45.7,-0.15000000000000568,-0.33,21683.0,98957.143
605588.SH,2024-12-16,45.55,45.55,43.99,44.28,45.55,-1.269999999999996,-2.79,15876.0,70890.955
605588.SH,2024-12-17,44.28,44.58,42.8,42.91,44.28,-1.3700000000000045,-3.09,13348.0,58030.152
605588.SH,2024-12-18,43.17,43.92,42.21,43.46,42.91,0.5500000000000043,1.28,15459.0,66833.095
605588.SH,2024-12-19,43.0,43.89,42.71,43.77,43.46,0.3100000000000023,0.71,9784.0,42579.334
605588.SH,2024-12-20,43.77,45.36,43.48,44.8,43.77,1.029999999999994,2.35,17755.42,79432.617
605588.SH,2024-12-23,44.41,44.76,42.39,42.58,44.8,-2.219999999999999,-4.96,17620.0,76509.393
605588.SH,2024-12-24,42.99,44.56,41.66,43.44,42.58,0.8599999999999994,2.02,17042.0,73233.637
605588.SH,2024-12-25,43.0,43.54,42.15,42.41,43.44,-1.0300000000000011,-2.37,11201.0,47762.5
605588.SH,2024-12-26,41.93,43.39,41.93,42.88,42.41,0.47000000000000597,1.11,12995.0,55939.245
605588.SH,2024-12-27,42.99,43.98,42.7,43.0,42.88,0.11999999999999744,0.28,14528.06,63158.282
605588.SH,2024-12-30,42.85,42.89,41.25,42.23,43.0,-0.7700000000000031,-1.79,9425.99,39887.794
605588.SH,2024-12-31,42.01,42.45,40.63,40.76,42.23,-1.4699999999999989,-3.48,13424.0,55579.476
605588.SH,2025-01-02,40.79,41.4,39.42,39.9,40.76,-0.8599999999999994,-2.11,12272.0,49426.242
605588.SH,2025-01-03,40.1,40.49,38.5,38.63,39.9,-1.269999999999996,-3.18,11393.06,44746.007
605588.SH,2025-01-06,38.61,38.61,37.11,38.27,38.63,-0.35999999999999943,-0.93,11237.0,42657.782
605588.SH,2025-01-07,38.03,39.5,38.03,39.49,38.27,1.2199999999999989,3.19,11929.0,46583.002
605588.SH,2025-01-08,39.5,39.59,38.18,38.89,39.49,-0.6000000000000014,-1.52,11178.0,43595.315
605588.SH,2025-01-09,39.01,39.79,38.9,39.27,38.89,0.38000000000000256,0.98,10572.0,41698.592
605588.SH,2025-01-10,39.32,39.96,37.9,37.9,39.27,-1.3700000000000045,-3.49,10149.0,39663.654
605588.SH,2025-01-13,37.6,38.8,36.84,38.69,37.9,0.7899999999999991,2.08,10536.0,40124.306
605588.SH,2025-01-14,38.63,39.96,38.63,39.87,38.69,1.1799999999999997,3.05,14679.0,57916.411
605588.SH,2025-01-15,39.88,39.98,39.33,39.63,39.87,-0.23999999999999488,-0.6,9519.0,37751.184
605588.SH,2025-01-16,39.65,40.83,39.58,40.21,39.63,0.5799999999999983,1.46,14678.0,58973.898
605588.SH,2025-01-17,39.99,44.23,39.51,44.23,40.21,4.019999999999996,10.0,44228.06,190298.388
605588.SH,2025-01-20,42.8,43.67,42.3,42.9,44.23,-1.3299999999999983,-3.01,40134.05,172275.089
605588.SH,2025-01-21,43.0,43.6,42.2,43.1,42.9,0.20000000000000284,0.47,26081.43,111806.493
605588.SH,2025-01-22,43.18,44.23,42.86,43.54,43.1,0.4399999999999977,1.02,28898.0,126193.547
605588.SH,2025-01-23,43.55,43.85,42.0,42.09,43.54,-1.4499999999999957,-3.33,28398.0,122134.715
605588.SH,2025-01-24,42.0,42.7,41.69,42.23,42.09,0.13999999999999346,0.33,16468.0,69371.349
605588.SH,2025-01-27,42.22,42.31,40.81,41.3,42.23,-0.9299999999999997,-2.2,12107.0,50218.958
605588.SH,2025-02-05,41.88,42.18,41.36,41.92,41.3,0.6200000000000045,1.5,10629.0,44431.852
605588.SH,2025-02-06,41.51,43.17,41.51,42.99,41.92,1.0700000000000003,2.55,18342.0,78276.973
605588.SH,2025-02-07,42.99,43.59,42.48,43.15,42.99,0.1599999999999966,0.37,21384.0,92263.518
605588.SH,2025-02-10,43.1,44.2,43.01,43.72,43.15,0.5700000000000003,1.32,22844.0,99450.909
605588.SH,2025-02-11,43.33,44.23,43.1,43.15,43.72,-0.5700000000000003,-1.3,15879.0,68843.233
605588.SH,2025-02-12,43.1,43.7,43.0,43.55,43.15,0.3999999999999986,0.93,17089.0,74024.146
605588.SH,2025-02-13,43.13,43.56,42.62,42.67,43.55,-0.8799999999999955,-2.02,13520.0,58080.427
605588.SH,2025-02-14,42.7,42.79,42.18,42.4,42.67,-0.2700000000000031,-0.63,10352.0,43916.07
605588.SH,2025-02-17,42.45,43.29,42.43,42.93,42.4,0.5300000000000011,1.25,10168.0,43565.71
605588.SH,2025-02-18,42.88,43.65,41.8,42.03,42.93,-0.8999999999999986,-2.1,19611.0,84155.606
605588.SH,2025-02-19,41.53,43.93,41.31,43.62,42.03,1.5899999999999963,3.78,28425.37,123063.15
605588.SH,2025-02-20,43.26,44.3,43.26,43.97,43.62,0.3500000000000014,0.8,19983.0,87829.917
605588.SH,2025-02-21,44.2,44.67,43.51,44.53,43.97,0.5600000000000023,1.27,25904.0,114652.746
605588.SH,2025-02-24,44.56,44.88,43.81,44.24,44.53,-0.28999999999999915,-0.65,18263.37,80819.869
605588.SH,2025-02-25,43.6,47.31,43.33,45.99,44.24,1.75,3.96,47741.0,219151.914
605588.SH,2025-02-26,45.8,46.18,45.2,45.85,45.99,-0.14000000000000057,-0.3,27724.0,126661.218
605588.SH,2025-02-27,45.86,46.29,44.6,45.44,45.85,-0.4100000000000037,-0.89,20218.0,91911.453
605588.SH,2025-02-28,45.13,45.44,43.21,43.3,45.44,-2.1400000000000006,-4.71,18812.0,83336.819
605588.SH,2025-03-03,43.7,44.83,42.55,43.96,43.3,0.6600000000000037,1.52,15910.0,69919.725
605588.SH,2025-03-04,43.52,45.33,43.52,45.24,43.96,1.2800000000000011,2.91,19561.0,87547.325
605588.SH,2025-03-05,45.0,45.8,44.59,45.29,45.24,0.04999999999999716,0.11,14528.0,65556.678
605588.SH,2025-03-06,45.22,45.68,45.04,45.19,45.29,-0.10000000000000142,-0.22,18452.0,83645.396
605588.SH,2025-03-07,45.18,45.18,43.93,44.21,45.19,-0.9799999999999969,-2.17,15607.98,69627.882
605588.SH,2025-03-10,44.33,44.96,44.01,44.46,44.21,0.25,0.57,10741.0,47733.519
605588.SH,2025-03-11,43.6,44.27,43.53,44.21,44.46,-0.25,-0.56,10857.06,47729.476
605588.SH,2025-03-12,44.26,45.49,44.05,44.76,44.21,0.5499999999999972,1.24,16288.0,73062.837
605588.SH,2025-03-13,44.76,44.78,43.44,43.73,44.76,-1.0300000000000011,-2.3,15637.0,68822.147
605588.SH,2025-03-14,43.73,44.36,42.93,44.18,43.73,0.45000000000000284,1.03,12904.0,56379.803
605588.SH,2025-03-17,44.81,46.9,44.51,46.42,44.18,2.240000000000002,5.07,44300.0,203993.84
605588.SH,2025-03-18,46.82,46.99,45.95,46.44,46.42,0.01999999999999602,0.04,20426.0,94869.513
605588.SH,2025-03-19,46.5,48.68,45.66,48.08,46.44,1.6400000000000006,3.53,40388.86,192167.13
605588.SH,2025-03-20,49.77,49.79,46.47,46.55,48.08,-1.5300000000000011,-3.18,51139.0,247450.434
605588.SH,2025-03-21,46.5,46.6,44.46,44.88,46.55,-1.6699999999999946,-3.59,31516.0,142704.056
605588.SH,2025-03-24,44.85,44.98,42.4,43.35,44.88,-1.5300000000000011,-3.41,19312.0,84096.919
605588.SH,2025-03-25,43.09,45.89,43.09,44.2,43.35,0.8500000000000014,1.96,23220.0,103749.303
605588.SH,2025-03-26,44.0,46.2,43.51,44.87,44.2,0.6699999999999946,1.52,18808.0,84759.235
605588.SH,2025-03-27,44.73,49.36,43.79,49.36,44.87,4.490000000000002,10.01,51389.15,243451.767
605588.SH,2025-03-28,54.3,54.3,52.3,54.3,49.36,4.939999999999998,10.01,65332.54,354130.909
605588.SH,2025-03-31,58.09,59.73,55.38,58.08,54.3,3.780000000000001,6.96,151183.05,876243.718
605588.SH,2025-04-01,52.27,62.99,52.27,57.62,58.08,-0.46000000000000085,-0.79,130397.69,736127.702
605588.SH,2025-04-02,56.98,59.0,52.47,53.01,57.62,-4.609999999999999,-8.0,92865.54,516396.311
605588.SH,2025-04-03,52.87,53.0,48.04,48.71,53.01,-4.299999999999997,-8.11,97678.15,487627.378
605588.SH,2025-04-07,43.84,48.7,43.84,43.84,48.71,-4.869999999999997,-10.0,79717.0,364207.707
605588.SH,2025-04-08,45.0,45.5,43.04,44.34,43.84,0.5,1.14,69277.17,306765.821
605588.SH,2025-04-09,42.48,45.45,39.91,44.5,44.34,0.1599999999999966,0.36,72832.17,312348.313
605588.SH,2025-04-10,44.49,47.35,44.49,45.0,44.5,0.5,1.12,65356.17,299585.479
605588.SH,2025-04-11,44.99,48.07,44.0,47.07,45.0,2.0700000000000003,4.6,59438.0,277966.757
605588.SH,2025-04-14,47.19,48.05,46.56,46.88,47.07,-0.18999999999999773,-0.4,46287.0,218373.949
605588.SH,2025-04-15,46.58,47.23,45.62,46.1,46.88,-0.7800000000000011,-1.66,30180.0,139612.832
605588.SH,2025-04-16,45.99,46.36,43.69,44.32,46.1,-1.7800000000000011,-3.86,35445.66,158621.112
605588.SH,2025-04-17,43.98,46.73,43.98,45.62,44.32,1.2999999999999972,2.93,36368.66,166310.902
605588.SH,2025-04-18,45.66,45.99,44.8,44.96,45.62,-0.6599999999999966,-1.45,21562.0,97568.296
605588.SH,2025-04-21,44.5,46.43,44.5,45.43,44.96,0.46999999999999886,1.05,29437.34,134166.578
605588.SH,2025-04-22,44.6,47.45,43.57,46.35,45.43,0.9200000000000017,2.03,63374.61,288748.017
605588.SH,2025-04-23,45.79,46.23,44.64,44.92,46.35,-1.4299999999999997,-3.09,48579.0,218987.706
605588.SH,2025-04-24,44.51,44.7,42.86,42.96,44.92,-1.9600000000000009,-4.36,37195.0,161839.948
605588.SH,2025-04-25,43.2,44.27,42.7,43.76,42.96,0.7999999999999972,1.86,24936.46,108393.119
605588.SH,2025-04-28,43.76,43.82,42.63,43.18,43.76,-0.5799999999999983,-1.33,19174.55,82853.321
605588.SH,2025-04-29,42.64,43.44,42.22,42.69,43.18,-0.490000000000002,-1.13,18373.0,78694.53
605588.SH,2025-04-30,43.65,46.96,43.65,46.96,42.69,4.270000000000003,10.0,39144.0,179056.18
605588.SH,2025-05-06,47.5,49.0,47.02,48.58,46.96,1.6199999999999974,3.45,69116.39,333121.687
605588.SH,2025-05-07,49.44,50.5,47.86,48.5,48.58,-0.0799999999999983,-0.16,62370.61,306464.217
605588.SH,2025-05-08,48.22,49.83,48.0,48.53,48.5,0.030000000000001137,0.06,35814.0,175247.309
605588.SH,2025-05-09,48.35,48.75,47.25,47.38,48.53,-1.1499999999999986,-2.37,25348.0,120752.572
605588.SH,2025-05-12,47.9,48.36,47.15,47.75,47.38,0.36999999999999744,0.78,24302.0,115560.302
605588.SH,2025-05-13,47.94,48.1,47.07,47.28,47.75,-0.46999999999999886,-0.98,18610.0,88328.802
605588.SH,2025-05-14,52.01,52.01,48.03,48.25,47.28,0.9699999999999989,2.05,100266.76,499428.69
605588.SH,2025-05-15,47.0,47.97,46.33,46.8,48.25,-1.4500000000000028,-3.01,61062.15,286989.49
605588.SH,2025-05-16,46.47,49.99,46.4,48.88,46.8,2.0800000000000054,4.44,64612.32,314929.114
605588.SH,2025-05-19,49.58,49.99,48.23,48.84,48.88,-0.03999999999999915,-0.08,33289.97,162851.483
605588.SH,2025-05-20,48.8,49.4,48.0,49.09,48.84,0.25,0.51,26046.0,127017.022
605588.SH,2025-05-21,48.7,50.0,47.5,48.43,49.09,-0.6600000000000037,-1.34,37969.0,183295.76
605588.SH,2025-05-22,47.86,48.9,47.5,47.77,48.43,-0.6599999999999966,-1.36,27559.0,132787.267
605588.SH,2025-05-23,47.58,48.16,46.62,46.73,47.77,-1.0400000000000063,-2.18,24957.0,117931.6
605588.SH,2025-05-26,48.09,50.7,47.86,48.39,46.73,1.6600000000000037,3.55,38435.63,186760.524
605588.SH,2025-05-27,48.66,49.32,47.31,47.85,48.39,-0.5399999999999991,-1.12,22134.0,106097.789
605588.SH,2025-05-28,48.07,48.07,46.52,46.7,47.85,-1.1499999999999986,-2.4,23676.0,111327.02
605588.SH,2025-05-29,46.52,47.8,46.31,47.49,46.7,0.7899999999999991,1.69,24833.0,117742.256
605588.SH,2025-05-30,47.25,47.25,45.33,45.4,47.49,-2.0900000000000034,-4.4,25115.0,115253.491
605588.SH,2025-06-03,45.0,46.07,44.73,45.8,45.4,0.3999999999999986,0.88,17818.0,81233.876
605588.SH,2025-06-04,45.8,46.64,45.79,45.95,45.8,0.15000000000000568,0.33,15220.0,70272.462
605588.SH,2025-06-05,46.12,46.54,45.35,46.48,45.95,0.529999999999994,1.15,15273.0,70414.953
605588.SH,2025-06-06,46.5,47.17,46.1,46.54,46.48,0.060000000000002274,0.13,13929.0,64757.567
605588.SH,2025-06-09,46.51,47.38,46.3,47.18,46.54,0.6400000000000006,1.38,16597.0,77798.557
605588.SH,2025-06-10,47.3,47.3,45.35,45.89,47.18,-1.2899999999999991,-2.73,24295.0,112359.244
605588.SH,2025-06-11,45.8,46.28,45.54,45.72,45.89,-0.1700000000000017,-0.37,12854.0,59032.122
605588.SH,2025-06-12,45.38,45.84,45.13,45.27,45.72,-0.44999999999999574,-0.98,13511.0,61338.546
605588.SH,2025-06-13,44.88,45.59,44.03,44.3,45.27,-0.970000000000006,-2.14,13987.61,62464.19
605588.SH,2025-06-16,44.06,45.29,44.06,44.9,44.3,0.6000000000000014,1.35,9649.0,43265.87
605588.SH,2025-06-17,44.77,45.24,44.37,44.56,44.9,-0.3399999999999963,-0.76,8864.54,39574.559
605588.SH,2025-06-18,44.55,45.05,44.01,44.86,44.56,0.29999999999999716,0.67,10246.0,45734.536
605588.SH,2025-06-19,45.15,45.67,44.2,44.44,44.86,-0.4200000000000017,-0.94,17515.0,78761.708
605588.SH,2025-06-20,44.45,46.11,44.35,45.03,44.44,0.5900000000000034,1.33,29134.0,132055.227
605588.SH,2025-06-23,44.18,48.0,44.06,46.21,45.03,1.1799999999999997,2.62,38275.0,177201.59
605588.SH,2025-06-24,46.21,47.64,45.9,46.95,46.21,0.740000000000002,1.6,28942.0,136134.089
605588.SH,2025-06-25,47.0,47.28,46.26,47.23,46.95,0.27999999999999403,0.6,24728.0,115840.825
605588.SH,2025-06-26,47.03,47.76,46.54,46.78,47.23,-0.44999999999999574,-0.95,21856.0,102803.584
605588.SH,2025-06-27,48.0,48.06,46.83,46.99,46.78,0.21000000000000085,0.45,25546.0,120795.257
605588.SH,2025-06-30,47.96,48.99,47.63,48.25,46.99,1.259999999999998,2.68,37394.11,180464.759
605588.SH,2025-07-01,48.2,49.18,47.57,47.97,48.25,-0.28000000000000114,-0.58,32697.63,157952.273
605588.SH,2025-07-02,47.5,47.73,46.8,47.25,47.97,-0.7199999999999989,-1.5,21860.0,103202.735
605588.SH,2025-07-03,47.29,47.6,46.83,47.2,47.25,-0.04999999999999716,-0.11,14668.58,69119.191
605588.SH,2025-07-04,47.05,47.06,46.23,46.34,47.2,-0.8599999999999994,-1.82,17407.42,80935.611
605588.SH,2025-07-07,46.29,46.74,46.13,46.41,46.34,0.06999999999999318,0.15,9773.0,45312.434
605588.SH,2025-07-08,46.73,46.99,46.31,46.56,46.41,0.15000000000000568,0.32,14348.0,66900.182
605588.SH,2025-07-09,46.63,46.95,45.7,45.89,46.56,-0.6700000000000017,-1.44,16720.0,77185.374
605588.SH,2025-07-10,45.8,46.16,45.49,45.7,45.89,-0.18999999999999773,-0.41,9825.15,44950.142
605588.SH,2025-07-11,45.7,46.03,45.2,45.92,45.7,0.21999999999999886,0.48,11817.0,54004.984
605588.SH,2025-07-14,46.01,46.01,45.5,45.83,45.92,-0.09000000000000341,-0.2,9390.0,42948.587
605588.SH,2025-07-15,45.36,45.73,44.37,44.53,45.83,-1.2999999999999972,-2.84,22501.68,100840.683
605588.SH,2025-07-16,44.53,45.35,44.49,45.06,44.53,0.5300000000000011,1.19,11848.99,53345.098
605588.SH,2025-07-17,45.13,45.71,44.86,45.69,45.06,0.6299999999999955,1.4,11184.48,50760.131
605588.SH,2025-07-18,45.78,46.4,45.33,46.38,45.69,0.6900000000000048,1.51,16713.02,76452.363
605588.SH,2025-07-21,46.11,46.4,45.71,46.02,46.38,-0.35999999999999943,-0.78,13660.86,62857.301
605588.SH,2025-07-22,45.86,47.41,45.6,46.21,46.02,0.18999999999999773,0.41,23209.9,108039.957
605588.SH,2025-07-23,46.0,46.98,45.0,45.26,46.21,-0.9500000000000028,-2.06,19583.0,89686.278
605588.SH,2025-07-24,45.02,46.9,45.02,46.42,45.26,1.1600000000000037,2.56,22073.0,101833.354
605588.SH,2025-07-25,46.29,47.8,46.11,47.55,46.42,1.1299999999999955,2.43,30745.39,144404.008
605588.SH,2025-07-28,47.52,49.5,46.85,48.4,47.55,0.8500000000000014,1.79,37092.0,178541.119
605588.SH,2025-07-29,47.81,50.48,47.81,49.54,48.4,1.1400000000000006,2.36,45137.71,222221.288
605588.SH,2025-07-30,49.55,49.56,47.84,48.29,49.54,-1.25,-2.52,29935.48,145205.228
605588.SH,2025-07-31,48.1,49.42,47.38,47.4,48.29,-0.8900000000000006,-1.84,24138.0,116051.702
605588.SH,2025-08-01,47.33,47.96,47.27,47.74,47.4,0.3400000000000034,0.72,13750.0,65438.497
605588.SH,2025-08-04,47.23,49.27,47.12,48.37,47.74,0.6299999999999955,1.32,18722.71,90070.267
605588.SH,2025-08-05,48.37,50.3,48.11,49.14,48.37,0.7700000000000031,1.59,30581.71,150631.218
605588.SH,2025-08-06,48.58,49.88,48.58,49.5,49.14,0.35999999999999943,0.73,29500.99,145434.652
605588.SH,2025-08-07,49.5,53.2,49.4,52.47,49.5,2.969999999999999,6.0,63501.2,325452.785
605588.SH,2025-08-08,50.96,51.88,49.66,50.3,52.47,-2.1700000000000017,-4.14,45763.99,230715.315
605588.SH,2025-08-11,50.24,54.35,50.01,51.98,50.3,1.6799999999999997,3.34,50026.0,258940.111
605588.SH,2025-08-12,51.88,52.3,51.2,51.92,51.98,-0.05999999999999517,-0.12,29986.0,155030.685
605588.SH,2025-08-13,51.91,53.2,51.25,52.13,51.92,0.21000000000000085,0.4,38306.61,199566.585
605588.SH,2025-08-14,57.0,57.34,57.0,57.34,52.13,5.210000000000001,9.99,26364.4,151054.564
605588.SH,2025-08-15,63.07,63.07,63.07,63.07,57.34,5.729999999999997,9.99,42067.77,265321.425
605588.SH,2025-08-18,69.37,69.37,63.01,63.44,63.07,0.36999999999999744,0.59,144139.06,938146.418
605588.SH,2025-08-19,59.51,61.64,57.1,57.19,63.44,-6.25,-9.85,106852.5,629857.61
605588.SH,2025-08-20,56.0,57.43,54.0,57.04,57.19,-0.14999999999999858,-0.26,59748.23,335079.639
605588.SH,2025-08-21,56.07,56.49,54.65,55.01,57.04,-2.030000000000001,-3.56,47020.0,260659.715
605588.SH,2025-08-22,55.09,57.66,54.91,56.82,55.01,1.8100000000000023,3.29,55402.71,313432.935
605588.SH,2025-08-25,56.73,57.41,55.9,56.53,56.82,-0.28999999999999915,-0.51,46938.48,265911.404
605588.SH,2025-08-26,56.29,56.65,55.55,55.84,56.53,-0.6899999999999977,-1.22,32855.22,184206.266
605588.SH,2025-08-27,55.84,58.24,54.73,55.25,55.84,-0.5900000000000034,-1.06,53109.0,301122.3
605588.SH,2025-08-28,54.91,57.5,54.91,57.28,55.25,2.030000000000001,3.67,47658.0,269603.066
605588.SH,2025-08-29,56.49,56.63,55.32,55.59,57.28,-1.6899999999999977,-2.95,31081.0,173347.284
605588.SH,2025-09-01,56.47,57.14,55.58,56.24,55.59,0.6499999999999986,1.17,29274.0,164554.399
605588.SH,2025-09-02,58.0,58.9,55.01,56.12,56.24,-0.12000000000000455,-0.21,44112.42,250684.682
605588.SH,2025-09-03,56.12,58.8,54.38,57.5,56.12,1.3800000000000026,2.46,53580.05,305317.129
605588.SH,2025-09-04,55.51,56.87,51.75,53.49,57.5,-4.009999999999998,-6.97,45928.92,250166.439
605588.SH,2025-09-05,53.5,55.0,51.87,54.86,53.49,1.3699999999999974,2.56,28779.32,154794.832
605588.SH,2025-09-08,54.6,55.54,53.9,55.15,54.86,0.28999999999999915,0.53,23434.0,128241.52
605588.SH,2025-09-09,54.95,54.95,52.7,52.94,55.15,-2.210000000000001,-4.01,25515.0,136700.0
605588.SH,2025-09-10,53.08,54.91,52.74,53.72,52.94,0.7800000000000011,1.47,30510.26,164137.276
605588.SH,2025-09-11,53.87,54.78,52.89,54.74,53.72,1.0200000000000031,1.9,24362.0,131986.102
605588.SH,2025-09-12,55.0,55.0,53.95,54.24,54.74,-0.5,-0.91,25392.15,137930.1
605588.SH,2025-09-15,54.3,55.13,53.57,53.6,54.24,-0.6400000000000006,-1.18,21470.0,116134.458
605588.SH,2025-09-16,53.26,54.53,53.06,54.42,53.6,0.8200000000000003,1.53,20699.15,111478.121
605588.SH,2025-09-17,56.72,58.71,55.0,55.84,54.42,1.4200000000000017,2.61,54727.0,309296.073
605588.SH,2025-09-18,55.43,57.56,54.48,55.03,55.84,-0.8100000000000023,-1.45,49097.4,276092.63
605588.SH,2025-09-19,54.95,57.0,54.95,55.92,55.03,0.8900000000000006,1.62,38787.92,217550.029
605588.SH,2025-09-22,56.0,56.6,55.0,56.14,55.92,0.21999999999999886,0.39,32203.0,179760.602
605588.SH,2025-09-23,56.15,56.3,53.54,56.01,56.14,-0.13000000000000256,-0.23,33639.4,184382.486
605588.SH,2025-09-24,55.42,59.03,55.42,57.97,56.01,1.9600000000000009,3.5,58285.4,336407.307
605588.SH,2025-09-25,57.5,57.87,56.3,56.48,57.97,-1.490000000000002,-2.57,36972.0,210487.03
605588.SH,2025-09-26,56.08,56.4,54.2,54.2,56.48,-2.279999999999994,-4.04,26312.0,145469.187
605588.SH,2025-09-29,54.15,59.62,53.75,59.62,54.2,5.419999999999995,10.0,44946.0,258634.527
605588.SH,2025-09-30,59.99,63.06,57.91,62.15,59.62,2.530000000000001,4.24,80500.92,478884.147
605588.SH,2025-10-09,60.93,60.93,58.8,58.8,62.15,-3.3500000000000014,-5.39,49816.0,297246.459
605588.SH,2025-10-10,58.51,60.8,57.12,59.67,58.8,0.8700000000000045,1.48,48873.4,287442.756
605588.SH,2025-10-13,58.97,65.64,58.0,65.64,59.67,5.969999999999999,10.01,105095.25,677855.773
605588.SH,2025-10-14,66.0,66.37,61.25,64.0,65.64,-1.6400000000000006,-2.5,106716.26,679767.452
605588.SH,2025-10-15,62.13,62.5,59.17,60.54,64.0,-3.460000000000001,-5.41,62765.39,377919.008
605588.SH,2025-10-16,58.99,59.98,58.03,58.15,60.54,-2.3900000000000006,-3.95,33762.0,198837.914
605588.SH,2025-10-17,57.67,58.32,54.81,55.21,58.15,-2.9399999999999977,-5.06,31020.0,174582.467
605588.SH,2025-10-20,55.67,56.44,54.83,55.8,55.21,0.5899999999999963,1.07,22468.26,124968.807
605588.SH,2025-10-21,55.69,56.34,55.13,55.99,55.8,0.19000000000000483,0.34,20349.25,113724.906
605588.SH,2025-10-22,55.64,56.2,54.99,55.66,55.99,-0.3300000000000054,-0.59,14711.72,81564.878
605588.SH,2025-10-23,55.11,55.52,53.41,54.04,55.66,-1.6199999999999974,-2.91,20756.0,112042.46
605588.SH,2025-10-24,54.08,55.08,54.08,54.71,54.04,0.6700000000000017,1.24,15394.0,84152.458
605588.SH,2025-10-27,55.42,56.0,54.83,55.46,54.71,0.75,1.37,20097.0,111593.985
605588.SH,2025-10-28,55.06,56.06,54.91,55.38,55.46,-0.0799999999999983,-0.14,17337.0,96493.114
605588.SH,2025-10-29,55.55,55.88,54.0,55.09,55.38,-0.28999999999999915,-0.52,18849.0,103340.316
605588.SH,2025-10-30,54.99,54.99,53.33,53.33,55.09,-1.7600000000000051,-3.19,17264.0,93461.378
605588.SH,2025-10-31,53.39,54.33,53.38,53.8,53.33,0.46999999999999886,0.88,11319.0,61162.144
605588.SH,2025-11-03,53.53,53.9,52.61,53.9,53.8,0.10000000000000142,0.19,15096.79,80281.343
605588.SH,2025-11-04,53.7,53.92,52.8,53.05,53.9,-0.8500000000000014,-1.58,10974.26,58368.433
605588.SH,2025-11-05,52.44,53.38,52.12,53.08,53.05,0.030000000000001137,0.06,12300.0,64775.549
605588.SH,2025-11-06,53.1,54.93,53.1,53.79,53.08,0.7100000000000009,1.34,15031.4,80947.628
605588.SH,2025-11-07,53.3,53.65,52.26,52.31,53.79,-1.4799999999999969,-2.75,14461.0,76455.404
605588.SH,2025-11-10,52.35,53.38,52.22,53.28,52.31,0.9699999999999989,1.85,11616.4,61314.002
605588.SH,2025-11-11,53.28,54.45,52.5,52.75,53.28,-0.5300000000000011,-0.99,10815.0,57731.141
605588.SH,2025-11-12,52.15,53.09,51.55,51.78,52.75,-0.9699999999999989,-1.84,11676.4,60689.017
605588.SH,2025-11-13,51.78,52.04,51.31,51.87,51.78,0.0899999999999963,0.17,9070.4,46946.91
605588.SH,2025-11-14,51.84,51.98,51.1,51.66,51.87,-0.21000000000000085,-0.4,8847.0,45594.173
605588.SH,2025-11-17,53.0,53.16,51.67,52.27,51.66,0.6100000000000065,1.18,8554.0,44623.165
605588.SH,2025-11-18,52.27,54.58,52.27,53.11,52.27,0.8399999999999963,1.61,17572.49,94041.624
605588.SH,2025-11-19,52.61,54.54,52.43,54.2,53.11,1.0900000000000034,2.05,22880.28,123050.005
605588.SH,2025-11-20,53.6,54.5,51.85,51.85,54.2,-2.3500000000000014,-4.34,20789.0,110387.018
605588.SH,2025-11-21,50.6,52.55,49.7,49.7,51.85,-2.1499999999999986,-4.15,17622.0,89270.89
605588.SH,2025-11-24,49.9,50.88,49.04,50.68,49.7,0.9799999999999969,1.97,12728.0,63888.565
605588.SH,2025-11-25,50.68,51.66,50.5,50.62,50.68,-0.060000000000002274,-0.12,11868.0,60680.303
605588.SH,2025-11-26,50.4,51.13,50.1,50.33,50.62,-0.28999999999999915,-0.57,9784.99,49483.057
605588.SH,2025-11-27,50.09,51.48,50.09,51.27,50.33,0.9400000000000048,1.87,14023.0,71407.486
605588.SH,2025-11-28,51.27,53.38,50.51,51.11,51.27,-0.1600000000000037,-0.31,13470.01,69286.061
605588.SH,2025-12-01,51.1,53.85,50.9,52.8,51.11,1.6899999999999977,3.31,23030.46,121012.518
605588.SH,2025-12-02,52.12,52.62,51.47,51.77,52.8,-1.029999999999994,-1.95,13081.0,67994.241
605588.SH,2025-12-03,51.75,51.75,50.59,50.73,51.77,-1.0400000000000063,-2.01,11696.0,59610.853
605588.SH,2025-12-04,50.5,50.71,49.46,49.83,50.73,-0.8999999999999986,-1.77,9475.0,47276.026
605588.SH,2025-12-05,49.41,50.25,48.72,50.11,49.83,0.28000000000000114,0.56,8617.0,42677.884
605588.SH,2025-12-08,50.03,50.77,50.01,50.6,50.11,0.490000000000002,0.98,8901.0,44921.937
605588.SH,2025-12-09,50.5,50.8,50.06,50.71,50.6,0.10999999999999943,0.22,10138.0,51214.853
605588.SH,2025-12-10,50.71,51.69,49.69,50.24,50.71,-0.46999999999999886,-0.93,12218.0,61407.69
605588.SH,2025-12-11,50.8,51.15,49.7,49.87,50.24,-0.37000000000000455,-0.74,9837.0,49389.341
605588.SH,2025-12-12,50.15,50.8,49.68,50.12,49.87,0.25,0.5,10037.01,50425.218
605588.SH,2025-12-15,49.5,50.62,49.41,49.88,50.12,-0.23999999999999488,-0.48,8060.0,40410.123
605588.SH,2025-12-16,49.46,49.88,48.62,48.99,49.88,-0.8900000000000006,-1.78,11028.0,54137.267
605588.SH,2025-12-17,48.8,49.3,47.58,49.18,48.99,0.18999999999999773,0.39,14134.0,68359.621
605588.SH,2025-12-18,49.18,50.75,49.08,49.56,49.18,0.38000000000000256,0.77,15297.0,76584.79
605588.SH,2025-12-19,49.2,50.0,49.01,49.37,49.56,-0.19000000000000483,-0.38,10750.0,53104.939
605588.SH,2025-12-22,49.51,50.94,49.39,50.27,49.37,0.9000000000000057,1.82,15707.0,79068.01
605588.SH,2025-12-23,49.9,51.44,49.88,51.13,50.27,0.8599999999999994,1.71,15390.09,78410.419
605588.SH,2025-12-24,51.2,53.68,51.2,51.99,51.13,0.8599999999999994,1.68,23143.09,121623.769
605588.SH,2025-12-25,51.6,52.1,51.26,52.0,51.99,0.00999999999999801,0.02,13585.0,70169.707
605588.SH,2025-12-26,52.23,52.23,50.88,51.13,52.0,-0.8699999999999974,-1.67,11562.0,59347.057
605588.SH,2025-12-29,51.19,51.55,50.7,50.79,51.13,-0.3400000000000034,-0.66,8616.0,43918.328
605588.SH,2025-12-30,51.0,51.01,50.28,50.31,50.79,-0.4799999999999969,-0.95,7872.94,39800.066
605588.SH,2025-12-31,50.33,50.78,49.69,50.49,50.31,0.17999999999999972,0.36,10281.0,51643.522
605588.SH,2026-01-05,50.59,51.35,50.3,51.2,50.49,0.7100000000000009,1.41,11667.0,59530.221
605588.SH,2026-01-06,51.94,52.38,50.76,51.75,51.2,0.5499999999999972,1.07,16405.0,85061.806
605588.SH,2026-01-07,52.33,54.25,52.33,53.42,51.75,1.6700000000000017,3.23,30997.0,165234.686
605588.SH,2026-01-08,53.42,58.76,53.42,55.9,53.42,2.479999999999997,4.64,67488.0,378994.925
605588.SH,2026-01-09,55.7,56.38,54.86,55.44,55.9,-0.46000000000000085,-0.82,37179.4,206095.743
605588.SH,2026-01-12,55.08,55.5,54.38,55.43,55.44,-0.00999999999999801,-0.02,27498.0,150903.613
605588.SH,2026-01-13,55.45,55.49,53.88,53.98,55.43,-1.4500000000000028,-2.62,20300.4,110863.923
605588.SH,2026-01-14,54.49,59.18,53.64,58.19,53.98,4.210000000000001,7.8,65028.66,370599.094
605588.SH,2026-01-15,57.0,60.5,56.78,59.28,58.19,1.0900000000000034,1.87,52329.47,309168.536
605588.SH,2026-01-16,60.0,60.8,58.92,60.01,59.28,0.7299999999999969,1.23,33512.09,200754.585
605588.SH,2026-01-19,59.49,61.1,58.3,58.99,60.01,-1.019999999999996,-1.7,31427.09,186135.282
605588.SH,2026-01-20,58.76,60.26,57.85,58.44,58.99,-0.5500000000000043,-0.93,23253.0,137035.103
605588.SH,2026-01-21,58.1,59.99,57.45,59.71,58.44,1.2700000000000031,2.17,23144.0,136953.711
605588.SH,2026-01-22,59.52,61.36,58.11,58.72,59.71,-0.990000000000002,-1.66,21873.0,128977.015
605588.SH,2026-01-23,58.6,59.16,57.3,58.95,58.72,0.23000000000000398,0.39,22509.0,130750.346
605588.SH,2026-01-26,58.96,59.18,56.01,56.84,58.95,-2.1099999999999994,-3.58,20182.09,115478.819
605588.SH,2026-01-27,56.31,58.02,55.61,57.9,56.84,1.0599999999999952,1.86,20147.0,115284.908
605588.SH,2026-01-28,57.42,60.47,57.41,58.6,57.9,0.7000000000000028,1.21,22789.0,134667.476
605588.SH,2026-01-29,58.18,58.98,56.55,56.8,58.6,-1.8000000000000043,-3.07,18535.0,106907.44
605588.SH,2026-01-30,56.36,57.37,54.84,57.11,56.8,0.3100000000000023,0.55,15091.0,84801.215
605588.SH,2026-02-02,56.23,57.11,54.85,54.9,57.11,-2.210000000000001,-3.87,12866.94,71741.784
605588.SH,2026-02-03,55.66,56.0,54.8,55.96,54.9,1.0600000000000023,1.93,8978.0,49835.465
605588.SH,2026-02-04,55.64,55.95,55.1,55.92,55.96,-0.03999999999999915,-0.07,7887.0,43829.805
605588.SH,2026-02-05,55.41,55.65,54.61,55.4,55.92,-0.5200000000000031,-0.93,7884.0,43460.883
605588.SH,2026-02-06,54.88,56.52,54.61,55.74,55.4,0.3400000000000034,0.61,9931.99,55500.619
605588.SH,2026-02-09,56.28,57.68,56.28,56.9,55.74,1.1599999999999966,2.08,10772.0,61507.813
605588.SH,2026-02-10,57.27,59.88,57.19,58.58,56.9,1.6799999999999997,2.95,19471.9,114317.808
605588.SH,2026-02-11,58.3,58.32,57.4,57.8,58.58,-0.7800000000000011,-1.33,11315.9,65423.694
605588.SH,2026-02-12,58.0,59.23,57.85,58.45,57.8,0.6500000000000057,1.12,9820.0,57531.815
605588.SH,2026-02-13,58.0,59.99,58.0,59.0,58.45,0.5499999999999972,0.94,13047.0,77412.186
605588.SH,2026-02-24,59.99,61.16,58.49,60.4,59.0,1.3999999999999986,2.37,16441.0,98870.512
605588.SH,2026-02-25,60.53,61.16,59.6,60.79,60.4,0.39000000000000057,0.65,14564.0,88007.554
605588.SH,2026-02-26,60.79,62.44,60.79,62.04,60.79,1.25,2.06,16630.0,102786.502
605588.SH,2026-02-27,61.25,62.6,61.0,61.35,62.04,-0.6899999999999977,-1.11,11782.0,72691.098
605588.SH,2026-03-02,60.0,61.5,58.89,59.3,61.35,-2.0500000000000043,-3.34,20211.0,120750.697
605588.SH,2026-03-03,60.18,60.18,55.3,55.41,59.3,-3.8900000000000006,-6.56,23447.0,135004.974
605588.SH,2026-03-04,54.7,55.82,53.0,53.3,55.41,-2.1099999999999994,-3.81,20504.0,111137.471
605588.SH,2026-03-05,54.57,55.99,54.45,55.19,53.3,1.8900000000000006,3.55,18131.0,100118.654
605588.SH,2026-03-06,54.79,55.79,54.2,54.89,55.19,-0.29999999999999716,-0.54,12374.0,67999.036
