ts_code,date,open,high,low,close,pre_close,change,pct_chg,vol,amount
600754.SH,2015-01-19,23.21,23.21,21.59,22.46,21.58,0.8800000000000026,4.08,300486.37,786835.184
600754.SH,2015-01-20,22.52,24.65,22.52,22.87,22.46,0.41000000000000014,1.83,182789.24,495878.047
600754.SH,2015-01-21,22.84,23.64,21.92,23.12,22.87,0.25,1.09,128741.63,340286.882
600754.SH,2015-01-22,22.78,24.5,22.65,24.21,23.12,1.0899999999999999,4.71,102250.92,284487.811
600754.SH,2015-01-23,24.19,24.58,23.76,23.82,24.21,-0.39000000000000057,-1.61,54068.08,150933.555
600754.SH,2015-01-26,23.84,24.92,23.24,24.89,23.82,1.0700000000000003,4.49,95737.22,268568.658
600754.SH,2015-01-27,24.58,24.62,23.72,23.92,24.89,-0.9699999999999989,-3.9,61957.98,174323.007
600754.SH,2015-01-28,23.82,24.07,23.23,23.49,23.92,-0.43000000000000327,-1.8,39129.82,107622.564
600754.SH,2015-01-29,23.32,23.66,23.03,23.23,23.49,-0.259999999999998,-1.11,28989.2,78712.351
600754.SH,2015-01-30,23.22,23.58,22.35,22.36,23.23,-0.870000000000001,-3.75,49615.65,130709.192
600754.SH,2015-02-02,22.17,22.91,21.9,22.63,22.36,0.2699999999999996,1.21,37046.7,97069.449
600754.SH,2015-02-03,22.8,22.95,22.35,22.6,22.63,-0.029999999999997584,-0.13,36586.9,95951.537
600754.SH,2015-02-04,22.6,22.6,21.51,21.71,22.6,-0.8900000000000006,-3.94,91915.92,234554.538
600754.SH,2015-02-05,21.75,21.95,21.31,21.34,21.71,-0.370000000000001,-1.7,41145.35,103245.619
600754.SH,2015-02-06,21.26,21.53,20.56,20.73,21.34,-0.6099999999999994,-2.86,32432.04,79331.353
600754.SH,2015-02-09,20.99,21.1,20.64,20.81,20.73,0.0799999999999983,0.39,25692.31,62455.222
600754.SH,2015-02-10,20.87,21.01,20.6,20.96,20.81,0.15000000000000213,0.72,30545.7,73965.093
600754.SH,2015-02-11,21.14,21.15,20.65,20.88,20.96,-0.08000000000000185,-0.38,33142.78,80471.953
600754.SH,2015-02-12,20.86,22.06,20.8,21.93,20.88,1.0500000000000007,5.03,58198.75,145703.079
600754.SH,2015-02-13,22.07,22.34,21.88,21.91,21.93,-0.019999999999999574,-0.09,55208.71,141798.107
600754.SH,2015-02-16,22.17,22.72,21.93,22.71,21.91,0.8000000000000007,3.65,56374.81,146307.13
600754.SH,2015-02-17,22.82,24.43,22.82,23.78,22.71,1.0700000000000003,4.71,95646.19,265216.758
600754.SH,2015-02-25,23.82,23.89,23.05,23.34,23.78,-0.4400000000000013,-1.85,41806.56,114398.687
600754.SH,2015-02-26,23.29,23.29,22.61,23.05,23.34,-0.28999999999999915,-1.24,58925.93,156332.969
600754.SH,2015-02-27,23.07,23.09,22.69,23.03,23.05,-0.019999999999999574,-0.09,36608.81,97608.483
600754.SH,2015-03-02,23.17,23.17,22.69,22.97,23.03,-0.060000000000002274,-0.26,32752.15,87128.349
600754.SH,2015-03-03,22.91,22.92,22.09,22.13,22.97,-0.8399999999999999,-3.66,46621.79,122012.842
600754.SH,2015-03-04,22.52,22.8,22.13,22.69,22.13,0.5600000000000023,2.53,37971.85,99629.089
600754.SH,2015-03-05,22.49,22.69,21.74,22.17,22.69,-0.5199999999999996,-2.29,58083.16,149255.914
600754.SH,2015-03-06,22.19,22.99,21.87,22.6,22.17,0.4299999999999997,1.94,52805.31,138019.545
600754.SH,2015-03-09,22.5,22.59,22.05,22.35,22.6,-0.25,-1.11,32621.84,84682.162
600754.SH,2015-03-10,22.41,22.92,22.18,22.66,22.35,0.3099999999999987,1.39,36805.54,97122.596
600754.SH,2015-03-11,22.81,22.81,22.35,22.5,22.66,-0.16000000000000014,-0.71,25008.68,65649.109
600754.SH,2015-03-12,22.44,23.02,22.44,22.97,22.5,0.46999999999999886,2.09,45058.37,119673.289
600754.SH,2015-03-13,23.11,23.19,22.74,23.15,22.97,0.17999999999999972,0.78,35330.76,94631.996
600754.SH,2015-03-16,23.17,23.89,23.17,23.55,23.15,0.40000000000000213,1.73,47474.59,130149.052
600754.SH,2015-03-17,23.62,24.29,23.32,23.96,23.55,0.41000000000000014,1.74,61771.28,171145.421
600754.SH,2015-03-18,23.95,24.03,23.74,23.97,23.96,0.00999999999999801,0.04,45369.55,126027.544
600754.SH,2015-03-19,23.89,23.89,23.03,23.21,23.97,-0.759999999999998,-3.17,83827.48,228156.416
600754.SH,2015-03-20,23.21,23.35,22.97,23.19,23.21,-0.019999999999999574,-0.09,56182.52,151290.372
600754.SH,2015-03-23,23.29,23.66,22.99,23.39,23.19,0.1999999999999993,0.86,51709.11,140689.673
600754.SH,2015-03-24,23.4,23.89,23.03,23.8,23.39,0.41000000000000014,1.75,70497.93,192791.324
600754.SH,2015-03-25,23.79,23.79,23.16,23.29,23.8,-0.5100000000000016,-2.14,49923.22,135684.43
600754.SH,2015-03-26,23.15,23.38,22.99,23.15,23.29,-0.14000000000000057,-0.6,34557.55,93045.076
600754.SH,2015-03-27,23.15,23.45,22.99,23.4,23.15,0.25,1.08,30516.38,82600.111
600754.SH,2015-03-30,23.44,24.74,23.44,24.61,23.4,1.2100000000000009,5.17,97356.22,272244.566
600754.SH,2015-03-31,24.63,25.68,24.5,24.72,24.61,0.10999999999999943,0.45,84775.83,247079.785
600754.SH,2015-04-01,24.77,25.64,24.77,25.5,24.72,0.7800000000000011,3.16,81184.1,238672.612
600754.SH,2015-04-02,25.51,25.6,24.92,25.41,25.5,-0.08999999999999986,-0.35,57556.37,169388.027
600754.SH,2015-04-03,25.18,26.02,25.01,25.65,25.41,0.23999999999999844,0.94,52561.74,156821.177
600754.SH,2015-04-07,25.54,25.78,25.23,25.72,25.65,0.07000000000000028,0.27,50857.81,150599.969
600754.SH,2015-04-08,25.61,25.61,24.5,24.73,25.72,-0.9899999999999984,-3.85,66443.68,192935.266
600754.SH,2015-04-09,24.58,24.73,23.7,23.92,24.73,-0.8099999999999987,-3.28,62340.46,174286.196
600754.SH,2015-04-10,23.89,24.59,23.81,24.46,23.92,0.5399999999999991,2.26,49143.81,138594.014
600754.SH,2015-04-13,24.41,25.09,24.21,24.92,24.46,0.46000000000000085,1.88,64143.0,183860.04
600754.SH,2015-04-14,24.96,27.1,24.75,26.69,24.92,1.7699999999999996,7.1,120437.52,367827.435
600754.SH,2015-04-15,26.47,26.47,24.92,24.94,26.69,-1.75,-6.56,72282.77,215456.161
600754.SH,2015-04-16,24.48,25.18,24.07,24.94,24.94,0.0,0.0,51133.97,147047.125
600754.SH,2015-04-17,25.22,25.87,25.2,25.55,24.94,0.6099999999999994,2.45,60395.53,180046.708
600754.SH,2015-04-20,25.58,27.06,24.9,25.79,25.55,0.23999999999999844,0.94,89930.75,272035.092
600754.SH,2015-04-21,25.79,27.08,25.79,26.75,25.79,0.9600000000000009,3.72,64003.92,198076.691
600754.SH,2015-04-22,26.74,27.39,26.4,26.99,26.75,0.23999999999999844,0.9,74450.74,232638.423
600754.SH,2015-04-23,27.03,28.98,27.03,28.03,26.99,1.0400000000000027,3.85,88032.62,287466.713
600754.SH,2015-04-24,27.25,29.43,27.0,29.39,28.03,1.3599999999999994,4.85,99662.45,330153.105
600754.SH,2015-04-27,29.61,31.16,28.84,29.39,29.39,0.0,0.0,92196.46,321220.21
600754.SH,2015-04-28,29.39,29.88,28.03,28.41,29.39,-0.9800000000000004,-3.33,58867.44,195633.269
600754.SH,2015-04-29,28.4,30.51,28.01,30.07,28.41,1.6600000000000001,5.84,67710.34,230737.996
600754.SH,2015-04-30,30.12,30.49,29.27,29.32,30.07,-0.75,-2.49,47268.3,163953.21
600754.SH,2015-05-04,28.59,29.05,27.68,28.6,29.32,-0.7199999999999989,-2.46,49451.36,163033.517
600754.SH,2015-05-05,28.36,28.36,26.86,27.16,28.6,-1.4400000000000013,-5.03,45468.94,145855.628
600754.SH,2015-05-06,27.16,27.5,26.34,26.62,27.16,-0.5399999999999991,-1.99,33802.27,106398.71
600754.SH,2015-05-07,26.3,26.95,26.21,26.64,26.62,0.019999999999999574,0.08,26645.45,82270.925
600754.SH,2015-05-08,27.31,27.37,26.7,27.31,26.64,0.6699999999999982,2.52,30918.66,97647.268
600754.SH,2015-05-11,27.63,28.62,27.59,28.43,27.31,1.120000000000001,4.1,63861.15,209607.719
600754.SH,2015-05-12,29.03,31.28,29.03,31.28,28.43,2.8500000000000014,10.02,93003.18,331351.407
600754.SH,2015-05-13,32.58,33.46,31.16,31.99,31.28,0.7099999999999973,2.27,138404.86,518544.073
600754.SH,2015-05-14,32.0,32.0,30.8,31.17,31.99,-0.8199999999999967,-2.56,65390.35,237521.236
600754.SH,2015-05-15,30.9,32.7,29.67,31.82,31.17,0.6499999999999986,2.09,110255.48,405066.392
600754.SH,2015-05-18,30.84,32.22,30.63,31.44,31.82,-0.379999999999999,-1.19,59811.37,219238.173
600754.SH,2015-05-19,31.37,32.79,31.03,31.6,31.44,0.16000000000000014,0.51,68820.71,256637.459
600754.SH,2015-05-20,31.55,32.47,30.82,31.91,31.6,0.3099999999999987,0.98,79816.6,295501.753
600754.SH,2015-05-21,31.8,33.16,31.53,32.76,31.91,0.8499999999999979,2.66,70139.61,264662.19
600754.SH,2015-05-22,33.69,35.24,32.99,33.41,32.76,0.6499999999999986,1.98,73988.39,291358.972
600754.SH,2015-05-25,33.11,34.83,32.57,34.37,33.41,0.9600000000000009,2.87,76660.86,302158.003
600754.SH,2015-05-26,34.64,35.63,33.95,34.86,34.37,0.490000000000002,1.43,71027.47,285777.865
600754.SH,2015-05-27,34.51,34.77,33.84,34.09,34.86,-0.769999999999996,-2.21,58781.25,234552.994
600754.SH,2015-05-28,33.84,33.88,30.93,30.94,34.09,-3.150000000000002,-9.24,73558.99,279491.765
600754.SH,2015-05-29,30.94,32.36,29.74,31.24,30.94,0.29999999999999716,0.97,60488.16,220824.507
600754.SH,2015-06-01,31.46,32.57,31.2,32.39,31.24,1.1500000000000021,3.68,44849.14,167769.961
600754.SH,2015-06-02,32.4,33.86,32.21,33.62,32.39,1.2299999999999969,3.8,57269.38,220294.553
600754.SH,2015-06-03,33.67,34.68,32.98,33.94,33.62,0.3200000000000003,0.95,58223.82,230431.481
600754.SH,2015-06-04,33.95,34.29,30.6,32.87,33.94,-1.0700000000000003,-3.15,73821.19,277752.019
600754.SH,2015-06-05,32.95,33.3,32.0,32.42,32.87,-0.44999999999999574,-1.37,58030.75,221039.944
600754.SH,2015-06-08,32.32,33.0,31.11,32.88,32.42,0.46000000000000085,1.42,74299.83,275673.232
600754.SH,2015-06-09,32.86,33.76,32.06,33.69,32.88,0.8099999999999952,2.46,90543.74,346454.653
600754.SH,2015-06-10,33.13,35.84,32.67,34.82,33.69,1.1300000000000026,3.35,150704.55,601653.569
600754.SH,2015-06-11,34.21,35.11,33.78,34.95,34.82,0.13000000000000256,0.37,112800.85,450645.096
600754.SH,2015-06-12,35.24,35.84,34.12,34.25,34.95,-0.7000000000000028,-2.0,100047.39,404790.457
600754.SH,2015-06-15,34.04,34.04,32.29,32.73,34.25,-1.5200000000000031,-4.44,81398.32,313035.522
600754.SH,2015-06-16,32.4,33.24,32.1,32.38,32.73,-0.3499999999999943,-1.07,57706.57,219588.914
600754.SH,2015-06-17,32.14,32.72,30.08,32.25,32.38,-0.13000000000000256,-0.4,55108.68,203350.549
600754.SH,2015-06-18,32.41,32.43,30.37,30.49,32.25,-1.7600000000000016,-5.46,63599.21,233359.905
600754.SH,2015-06-19,29.91,31.07,28.38,28.55,30.49,-1.9399999999999977,-6.36,46435.56,162673.944
600754.SH,2015-06-23,28.86,29.14,26.39,29.08,28.55,0.5299999999999976,1.86,46156.57,151091.372
600754.SH,2015-06-24,29.74,29.82,28.26,29.64,29.08,0.5600000000000023,1.93,56888.97,192916.07
600754.SH,2015-06-25,29.46,29.46,27.07,27.64,29.64,-2.0,-6.75,50368.61,167056.712
600754.SH,2015-06-26,26.28,27.07,24.87,24.87,27.64,-2.7699999999999996,-10.02,67368.21,203968.917
600754.SH,2015-06-29,25.83,25.86,22.39,23.28,24.87,-1.5899999999999999,-6.39,73903.03,206791.928
600754.SH,2015-06-30,23.33,25.61,22.45,25.61,23.28,2.3299999999999983,10.01,70021.19,198475.106
600754.SH,2015-07-01,25.7,28.17,25.35,26.13,25.61,0.5199999999999996,2.03,108159.14,341235.562
600754.SH,2015-07-02,26.44,27.74,25.09,26.29,26.13,0.16000000000000014,0.61,72954.93,226681.581
600754.SH,2015-07-03,25.56,28.36,24.11,26.99,26.29,0.6999999999999993,2.66,93029.0,287088.096
600754.SH,2015-07-06,29.69,29.69,24.5,27.5,26.99,0.5100000000000016,1.89,116465.2,368269.416
600754.SH,2015-07-07,25.96,26.9,24.75,24.76,27.5,-2.7399999999999984,-9.96,73383.83,214997.691
600754.SH,2015-10-19,27.24,27.24,27.24,27.24,24.76,2.479999999999997,10.02,3218.68,10058.375
600754.SH,2015-10-20,29.97,29.97,29.97,29.97,27.24,2.7300000000000004,10.02,1213.42,4171.738
600754.SH,2015-10-21,32.96,32.96,32.96,32.96,29.97,2.990000000000002,9.98,9773.94,36965.041
600754.SH,2015-11-02,36.26,36.26,36.26,36.26,32.96,3.299999999999997,10.01,74597.64,310326.182
600754.SH,2015-11-03,38.34,39.81,35.39,35.62,36.26,-0.6400000000000006,-1.77,382789.39,1645095.013
600754.SH,2015-11-04,36.1,39.19,34.83,39.19,35.62,3.5700000000000003,10.02,254423.65,1087608.931
600754.SH,2015-11-05,39.9,43.11,39.66,41.63,39.19,2.440000000000005,6.23,304526.45,1460903.442
600754.SH,2015-11-06,40.35,42.05,40.35,41.25,41.63,-0.38000000000000256,-0.91,193345.55,913286.077
600754.SH,2015-11-09,40.96,42.39,40.08,41.17,41.25,-0.0799999999999983,-0.19,159272.5,748676.664
600754.SH,2015-11-10,41.05,41.46,39.8,40.08,41.17,-1.0900000000000034,-2.65,151266.16,703419.668
600754.SH,2015-11-11,39.66,42.79,39.22,40.69,40.08,0.6099999999999994,1.52,158733.56,747328.852
600754.SH,2015-11-12,40.45,41.84,39.66,41.09,40.69,0.4000000000000057,0.98,142616.43,665119.366
600754.SH,2015-11-13,40.68,45.19,40.68,45.19,41.09,4.099999999999994,9.98,267619.57,1362717.297
600754.SH,2015-11-16,45.32,47.81,43.71,44.76,45.19,-0.4299999999999997,-0.95,232452.91,1207405.193
600754.SH,2015-11-17,44.63,49.24,44.29,48.47,44.76,3.710000000000001,8.29,291022.19,1598724.25
600754.SH,2015-11-18,47.68,51.41,46.44,46.98,48.47,-1.490000000000002,-3.07,271814.18,1519923.975
600754.SH,2015-11-19,45.85,47.75,44.88,47.46,46.98,0.480000000000004,1.02,166365.59,875898.479
600754.SH,2015-11-20,46.98,50.27,45.76,46.23,47.46,-1.230000000000004,-2.59,177984.8,976950.735
600754.SH,2015-11-23,46.19,46.97,44.89,45.31,46.23,-0.9199999999999946,-1.99,106266.77,554740.896
600754.SH,2015-11-24,45.26,46.18,44.89,45.75,45.31,0.4399999999999977,0.97,88350.97,461303.73
600754.SH,2015-11-25,45.32,47.45,44.74,46.52,45.75,0.7700000000000031,1.68,108901.3,570645.653
600754.SH,2015-11-26,47.04,50.29,45.93,47.84,46.52,1.3200000000000003,2.84,179264.63,988409.787
600754.SH,2015-11-27,47.39,48.98,44.45,45.38,47.84,-2.460000000000001,-5.14,147417.33,787784.052
600754.SH,2015-11-30,45.5,45.92,41.49,43.48,45.38,-1.9000000000000057,-4.19,149636.6,749787.134
600754.SH,2015-12-01,43.13,46.18,42.34,44.25,43.48,0.7700000000000031,1.77,123196.27,628600.039
600754.SH,2015-12-02,43.59,45.32,42.44,43.88,44.25,-0.36999999999999744,-0.84,89683.31,453945.093
600754.SH,2015-12-03,44.28,44.97,43.21,44.75,43.88,0.8699999999999974,1.98,80354.57,405498.529
600754.SH,2015-12-04,44.45,45.71,44.11,44.41,44.75,-0.3400000000000034,-0.76,87839.32,451465.854
600754.SH,2015-12-07,44.1,44.97,43.58,44.61,44.41,0.20000000000000284,0.45,69183.94,352159.922
600754.SH,2015-12-08,44.3,44.54,42.45,42.55,44.61,-2.0600000000000023,-4.62,86782.09,430659.145
600754.SH,2015-12-09,42.27,43.04,40.82,41.06,42.55,-1.4899999999999949,-3.5,95216.52,454932.435
600754.SH,2015-12-10,41.38,45.17,40.75,43.37,41.06,2.309999999999995,5.63,180842.42,902546.24
600754.SH,2015-12-11,42.22,44.35,41.53,41.84,43.37,-1.529999999999994,-3.53,102696.04,503837.655
600754.SH,2015-12-14,40.96,42.62,40.53,41.83,41.84,-0.010000000000005116,-0.02,67969.9,323500.792
600754.SH,2015-12-15,41.67,43.08,41.51,42.07,41.83,0.240000000000002,0.57,57876.51,280306.252
600754.SH,2015-12-16,42.06,42.58,41.57,41.96,42.07,-0.10999999999999943,-0.26,52113.1,250911.225
600754.SH,2015-12-17,42.68,45.24,42.26,43.81,41.96,1.8500000000000014,4.41,111420.42,557514.043
600754.SH,2015-12-18,43.41,44.96,43.23,43.5,43.81,-0.3100000000000023,-0.71,79317.57,400006.813
600754.SH,2015-12-21,43.21,43.67,42.6,43.1,43.5,-0.3999999999999986,-0.92,56027.01,276837.066
600754.SH,2015-12-22,42.93,44.02,42.93,43.33,43.1,0.22999999999999687,0.53,52462.35,261278.639
600754.SH,2015-12-23,43.44,43.88,42.63,42.93,43.33,-0.3999999999999986,-0.92,65091.12,322385.89
600754.SH,2015-12-24,43.17,43.49,42.36,42.79,42.93,-0.14000000000000057,-0.33,47342.07,233319.462
600754.SH,2015-12-25,43.01,43.06,42.52,42.64,42.79,-0.14999999999999858,-0.35,33873.3,166039.145
600754.SH,2015-12-28,42.72,45.63,42.71,43.68,42.64,1.0399999999999991,2.44,128406.94,650011.443
600754.SH,2015-12-29,43.27,43.97,42.62,43.48,43.68,-0.20000000000000284,-0.46,63800.0,316537.56
600754.SH,2015-12-30,43.85,45.18,43.44,44.38,43.48,0.9000000000000057,2.07,84010.69,426238.186
600754.SH,2015-12-31,44.45,44.9,43.84,44.73,44.38,0.3499999999999943,0.79,69412.15,354392.519
600754.SH,2016-01-04,44.48,45.3,40.36,41.16,44.73,-3.5700000000000003,-7.98,78683.65,396342.425
600754.SH,2016-01-05,38.79,43.57,38.79,42.13,41.16,0.970000000000006,2.36,108848.87,516328.066
600754.SH,2016-01-06,42.14,42.27,40.12,41.85,42.13,-0.28000000000000114,-0.66,83064.45,394315.432
600754.SH,2016-01-07,40.79,40.79,37.67,37.73,41.85,-4.1200000000000045,-9.84,21629.8,96998.904
600754.SH,2016-01-08,38.26,39.21,34.05,36.28,37.73,-1.4499999999999957,-3.84,87243.38,369414.584
600754.SH,2016-01-11,34.43,35.87,32.66,32.66,36.28,-3.6200000000000045,-9.98,79500.92,309842.355
600754.SH,2016-01-12,32.26,32.95,31.2,32.16,32.66,-0.5,-1.53,76279.1,282647.274
600754.SH,2016-01-13,34.86,35.38,32.34,32.81,32.16,0.6500000000000057,2.02,165415.9,653204.077
600754.SH,2016-01-14,31.06,33.73,29.68,33.25,32.81,0.4399999999999977,1.34,116383.93,424500.327
600754.SH,2016-01-15,33.04,33.81,30.86,31.29,33.25,-1.9600000000000009,-5.89,100723.45,372405.461
600754.SH,2016-01-18,30.07,32.67,29.73,31.92,31.29,0.6300000000000026,2.01,80052.99,293152.929
600754.SH,2016-01-19,32.25,34.09,32.17,33.72,31.92,1.7999999999999972,5.64,128939.15,494715.083
600754.SH,2016-01-20,33.16,33.72,32.55,32.92,33.72,-0.7999999999999972,-2.37,83789.2,318394.273
600754.SH,2016-01-21,32.16,32.85,30.53,30.8,32.92,-2.120000000000001,-6.44,79994.03,294738.214
600754.SH,2016-01-22,31.3,31.73,30.24,31.31,30.8,0.509999999999998,1.66,60420.11,215273.104
600754.SH,2016-01-25,32.07,32.56,31.66,32.07,31.31,0.7600000000000016,2.43,56945.17,209884.838
600754.SH,2016-01-26,31.32,31.62,28.87,28.87,32.07,-3.1999999999999993,-9.98,75239.7,261410.652
600754.SH,2016-01-27,28.94,29.17,26.59,28.47,28.87,-0.40000000000000213,-1.39,65981.39,209781.485
600754.SH,2016-01-28,27.89,30.33,27.4,27.6,28.47,-0.8699999999999974,-3.06,74093.9,244240.813
600754.SH,2016-01-29,27.2,28.85,26.83,28.61,27.6,1.009999999999998,3.66,80256.83,258367.071
600754.SH,2016-02-01,28.76,30.07,28.33,29.15,28.61,0.5399999999999991,1.89,75014.83,251416.993
600754.SH,2016-02-02,28.81,30.54,28.81,30.51,29.15,1.360000000000003,4.67,80678.9,276303.749
600754.SH,2016-02-03,30.4,30.49,29.46,30.33,30.51,-0.18000000000000327,-0.59,67593.8,232723.1
600754.SH,2016-02-04,31.69,32.61,30.94,31.23,30.33,0.9000000000000021,2.97,87844.79,317772.702
600754.SH,2016-02-05,30.92,33.7,30.91,32.45,31.23,1.2200000000000024,3.91,91707.09,339825.496
600754.SH,2016-02-15,30.6,33.34,30.6,32.61,32.45,0.1599999999999966,0.49,88128.36,325012.374
600754.SH,2016-02-16,32.86,33.64,32.31,33.48,32.61,0.8699999999999974,2.67,93256.81,353597.682
600754.SH,2016-02-17,33.13,34.28,33.02,33.5,33.48,0.020000000000003126,0.06,81222.0,313488.397
600754.SH,2016-02-18,33.63,33.9,32.68,32.82,33.5,-0.6799999999999997,-2.03,58240.23,220855.274
600754.SH,2016-02-19,32.52,33.02,32.24,32.48,32.82,-0.3400000000000034,-1.04,44052.83,164517.881
600754.SH,2016-02-22,33.03,33.31,32.64,33.02,32.48,0.5400000000000063,1.66,45667.35,172613.23
600754.SH,2016-02-23,33.03,33.82,32.34,33.09,33.02,0.07000000000000028,0.21,59625.63,226709.582
600754.SH,2016-02-24,32.86,35.74,31.9,35.22,33.09,2.1299999999999955,6.44,101394.19,389966.505
600754.SH,2016-02-25,34.26,35.93,31.7,31.76,35.22,-3.4599999999999973,-9.82,134743.21,524571.019
600754.SH,2016-02-26,32.18,33.23,31.38,32.55,31.76,0.7899999999999956,2.49,87591.8,326113.95
600754.SH,2016-02-29,32.28,32.32,29.29,29.29,32.55,-3.259999999999998,-10.02,73581.82,251916.438
600754.SH,2016-03-01,29.2,29.61,27.64,28.96,29.29,-0.3299999999999983,-1.13,66065.75,218783.859
600754.SH,2016-03-02,29.2,30.99,28.96,30.66,28.96,1.6999999999999993,5.87,76339.52,263485.014
600754.SH,2016-03-03,30.66,33.47,30.66,32.4,30.66,1.7399999999999984,5.68,106164.54,394365.214
600754.SH,2016-03-04,32.51,33.35,30.16,31.12,32.4,-1.2799999999999976,-3.95,78449.16,287420.47
600754.SH,2016-03-07,31.51,32.49,31.4,31.82,31.12,0.6999999999999993,2.25,43712.7,160239.067
600754.SH,2016-03-08,31.72,32.42,30.51,32.25,31.82,0.4299999999999997,1.35,61186.07,222288.252
600754.SH,2016-03-09,31.41,32.95,31.4,31.83,32.25,-0.4200000000000017,-1.3,49641.52,182991.217
600754.SH,2016-03-10,31.81,32.56,31.29,31.51,31.83,-0.31999999999999673,-1.01,54260.34,199236.752
600754.SH,2016-03-11,30.98,31.53,30.55,31.38,31.51,-0.13000000000000256,-0.41,39293.82,139806.969
600754.SH,2016-03-14,31.82,33.29,31.55,32.62,31.38,1.2399999999999984,3.95,83790.99,314133.91
600754.SH,2016-03-15,32.52,33.97,32.25,33.3,32.62,0.6799999999999997,2.08,78485.54,298582.893
600754.SH,2016-03-16,33.77,33.99,32.46,32.82,33.3,-0.4799999999999969,-1.44,59782.22,227529.623
600754.SH,2016-03-17,33.52,34.52,33.25,34.24,32.82,1.4200000000000017,4.33,103606.84,404713.134
600754.SH,2016-03-18,34.86,35.65,34.52,35.28,34.24,1.0399999999999991,3.04,112763.84,452475.682
600754.SH,2016-03-21,35.43,38.23,35.43,37.48,35.28,2.1999999999999957,6.24,127683.12,544901.963
600754.SH,2016-03-22,37.4,38.77,37.04,38.42,37.48,0.9400000000000048,2.51,114331.08,501262.678
600754.SH,2016-03-23,38.01,38.79,37.91,38.33,38.42,-0.09000000000000341,-0.23,91002.63,399504.003
600754.SH,2016-03-24,37.94,40.0,37.49,37.59,38.33,-0.7399999999999949,-1.93,114993.38,508632.89
600754.SH,2016-03-25,38.22,41.35,37.48,41.29,37.59,3.6999999999999957,9.84,156935.76,697716.09
600754.SH,2016-03-28,42.63,43.0,38.35,38.6,41.29,-2.6899999999999977,-6.51,222599.67,1038844.763
600754.SH,2016-03-29,38.36,38.36,35.11,35.51,38.6,-3.0900000000000034,-8.01,143501.06,596434.204
600754.SH,2016-03-30,36.17,36.43,35.07,36.42,35.51,0.9100000000000037,2.56,125590.53,515103.925
600754.SH,2016-03-31,36.53,36.54,35.28,35.73,36.42,-0.6900000000000048,-1.89,109618.32,450326.637
600754.SH,2016-04-01,35.54,36.1,35.21,35.67,35.73,-0.05999999999999517,-0.17,62585.97,255956.89
600754.SH,2016-04-05,35.83,36.12,35.13,36.06,35.67,0.39000000000000057,1.09,83316.61,341508.718
600754.SH,2016-04-06,35.88,36.33,35.63,35.99,36.06,-0.07000000000000028,-0.19,69460.22,286225.86
600754.SH,2016-04-07,35.99,36.13,34.52,34.61,35.99,-1.3800000000000026,-3.83,88872.03,357949.796
600754.SH,2016-04-08,33.91,35.33,33.89,34.93,34.61,0.3200000000000003,0.92,72948.27,290352.121
600754.SH,2016-04-11,35.13,35.67,35.13,35.22,34.93,0.28999999999999915,0.83,65810.63,266727.455
600754.SH,2016-04-12,35.19,35.54,34.62,34.8,35.22,-0.4200000000000017,-1.19,47615.61,190903.83
600754.SH,2016-04-13,34.97,35.45,34.95,35.0,34.8,0.20000000000000284,0.57,66057.17,266532.453
600754.SH,2016-04-14,35.19,36.0,35.04,35.6,35.0,0.6000000000000014,1.71,91765.18,375182.093
600754.SH,2016-04-15,35.65,36.28,35.22,35.92,35.6,0.3200000000000003,0.9,66889.64,274245.701
600754.SH,2016-04-18,35.3,35.86,34.88,35.06,35.92,-0.8599999999999994,-2.39,52684.92,213590.611
600754.SH,2016-04-19,35.26,35.58,34.99,35.33,35.06,0.269999999999996,0.77,40004.43,161711.626
600754.SH,2016-04-20,35.23,35.44,32.45,32.88,35.33,-2.4499999999999957,-6.93,86709.95,334458.461
600754.SH,2016-04-21,32.32,33.01,32.25,32.86,32.88,-0.020000000000003126,-0.06,47190.29,177194.466
600754.SH,2016-04-22,32.48,32.96,32.44,32.91,32.86,0.04999999999999716,0.15,25797.13,97011.556
600754.SH,2016-04-25,32.68,34.84,32.07,34.02,32.91,1.1100000000000065,3.37,70589.38,272692.505
600754.SH,2016-04-26,33.66,34.24,33.29,33.92,34.02,-0.10000000000000142,-0.29,41476.64,160919.181
600754.SH,2016-04-27,34.0,34.65,34.0,34.2,33.92,0.28000000000000114,0.83,52929.13,208574.873
600754.SH,2016-04-28,34.58,36.08,34.2,34.86,34.2,0.6599999999999966,1.93,127725.2,516891.643
600754.SH,2016-04-29,34.85,35.65,34.69,35.14,34.86,0.28000000000000114,0.8,62332.5,251108.151
600754.SH,2016-05-03,35.23,35.74,34.88,35.69,35.14,0.5499999999999972,1.57,77653.45,315336.138
600754.SH,2016-05-04,35.74,37.46,35.67,36.62,35.69,0.9299999999999997,2.61,119747.35,504274.06
600754.SH,2016-05-05,36.6,36.8,35.79,36.7,36.62,0.0800000000000054,0.22,81376.24,339387.291
600754.SH,2016-05-06,37.13,37.43,35.01,35.55,36.71,-1.1600000000000037,-3.16,104593.88,426689.797
600754.SH,2016-05-09,35.19,36.42,34.47,35.17,35.55,-0.37999999999999545,-1.07,92312.97,372228.174
600754.SH,2016-05-10,35.11,35.62,33.51,33.7,35.17,-1.4699999999999989,-4.18,70981.56,275776.9
600754.SH,2016-05-11,33.99,34.12,33.24,33.28,33.7,-0.4200000000000017,-1.25,46846.1,178379.519
600754.SH,2016-05-12,32.8,33.84,32.2,33.79,33.28,0.509999999999998,1.53,68028.14,254157.612
600754.SH,2016-05-13,33.79,34.35,33.51,33.78,33.79,-0.00999999999999801,-0.03,46743.99,179679.986
600754.SH,2016-05-16,33.51,34.16,33.33,34.14,33.78,0.35999999999999943,1.07,46757.88,179201.607
600754.SH,2016-05-17,34.31,34.33,33.55,33.57,34.14,-0.5700000000000003,-1.67,42025.54,161475.574
600754.SH,2016-05-18,33.29,33.88,32.2,32.45,33.57,-1.1199999999999974,-3.34,49595.03,185967.519
600754.SH,2016-05-19,32.65,33.34,32.32,32.62,32.45,0.1699999999999946,0.52,42430.45,158057.552
600754.SH,2016-05-20,32.2,33.1,31.77,32.89,32.62,0.2700000000000031,0.83,52753.75,194080.14
600754.SH,2016-05-23,33.07,33.16,32.7,33.1,32.89,0.21000000000000085,0.64,41627.52,155484.827
600754.SH,2016-05-24,32.85,33.01,31.87,32.0,33.1,-1.1000000000000014,-3.32,42920.45,157145.214
600754.SH,2016-05-25,32.32,32.45,31.73,31.76,32.0,-0.23999999999999844,-0.75,29570.77,107326.599
600754.SH,2016-05-26,31.57,32.07,30.58,31.41,31.76,-0.3500000000000014,-1.1,43910.3,155205.667
600754.SH,2016-05-27,31.13,32.01,31.13,31.64,31.41,0.23000000000000043,0.73,36822.72,132229.746
600754.SH,2016-05-30,31.04,31.96,30.86,31.24,31.64,-0.40000000000000213,-1.26,28318.69,101135.312
600754.SH,2016-05-31,31.46,32.63,31.39,32.57,31.24,1.3300000000000018,4.26,60412.32,220217.55
600754.SH,2016-06-01,32.59,33.13,32.36,32.91,32.57,0.3399999999999963,1.04,56538.73,210186.318
600754.SH,2016-06-02,32.95,33.14,32.64,32.94,32.91,0.030000000000001137,0.09,38403.65,143223.395
600754.SH,2016-06-03,33.04,33.23,32.72,32.93,32.94,-0.00999999999999801,-0.03,40201.6,150244.426
600754.SH,2016-06-06,33.1,34.38,33.08,33.85,32.93,0.9200000000000017,2.79,68647.92,263850.72
600754.SH,2016-06-07,33.69,33.69,33.07,33.15,33.85,-0.7000000000000028,-2.07,42811.17,161415.99
600754.SH,2016-06-08,33.24,33.94,33.11,33.79,33.15,0.6400000000000006,1.93,53033.05,202337.518
600754.SH,2016-06-13,33.86,35.16,32.79,32.81,33.79,-0.9799999999999969,-2.9,78152.44,302635.931
600754.SH,2016-06-14,32.6,33.06,31.76,32.83,32.81,0.01999999999999602,0.06,47791.88,175070.303
600754.SH,2016-06-15,32.45,34.38,32.2,34.12,32.83,1.2899999999999991,3.93,78107.15,296881.381
600754.SH,2016-06-16,34.04,34.04,32.19,32.27,34.12,-1.8499999999999943,-5.42,100516.5,373336.771
600754.SH,2016-06-17,32.08,32.62,31.13,31.58,32.27,-0.6900000000000048,-2.14,88685.34,318432.594
600754.SH,2016-06-20,31.58,31.61,30.38,30.53,31.58,-1.0499999999999972,-3.32,60631.56,210498.504
600754.SH,2016-06-21,30.71,31.14,30.41,30.52,30.53,-0.010000000000001563,-0.03,44048.74,153504.99
600754.SH,2016-06-22,30.56,30.71,30.05,30.58,30.52,0.05999999999999872,0.2,45977.72,158012.183
600754.SH,2016-06-23,30.58,30.64,30.23,30.34,30.58,-0.23999999999999844,-0.78,33094.25,114136.239
600754.SH,2016-06-24,30.44,30.65,28.22,29.26,30.34,-1.0799999999999983,-3.56,62293.72,208686.186
600754.SH,2016-06-27,29.1,29.45,28.88,29.41,29.26,0.14999999999999858,0.51,37977.01,125979.393
600754.SH,2016-06-28,29.43,30.23,28.99,29.78,29.41,0.370000000000001,1.26,49443.44,166264.32
600754.SH,2016-06-29,29.88,30.13,29.54,29.89,29.78,0.10999999999999943,0.37,43984.33,148522.304
600754.SH,2016-06-30,29.87,29.97,29.39,29.51,29.89,-0.379999999999999,-1.27,35482.65,119022.755
600754.SH,2016-07-01,29.62,29.73,29.29,29.36,29.51,-0.15000000000000213,-0.51,23122.45,77245.403
600754.SH,2016-07-04,29.39,29.73,29.36,29.71,29.36,0.3500000000000014,1.19,36251.6,121713.175
600754.SH,2016-07-05,29.89,29.96,29.62,29.77,29.71,0.05999999999999872,0.2,39431.51,133001.211
600754.SH,2016-07-06,29.86,29.86,29.44,29.56,29.77,-0.21000000000000085,-0.71,38587.04,129264.868
600754.SH,2016-07-07,29.56,29.56,28.84,29.06,29.56,-0.5,-1.69,46857.48,154926.152
600754.SH,2016-07-08,29.06,29.06,28.64,28.68,29.06,-0.379999999999999,-1.31,50510.34,164914.047
600754.SH,2016-07-11,28.69,29.08,28.69,28.84,28.68,0.16000000000000014,0.56,47846.72,156598.662
600754.SH,2016-07-12,28.85,29.23,28.75,29.21,28.84,0.370000000000001,1.28,51184.7,168614.835
600754.SH,2016-07-13,29.39,29.59,29.32,29.52,29.21,0.3099999999999987,1.06,56416.26,188466.697
600754.SH,2016-07-14,29.52,29.52,29.17,29.28,29.52,-0.23999999999999844,-0.81,38272.53,127175.33
600754.SH,2016-07-15,29.28,29.42,29.12,29.34,29.28,0.05999999999999872,0.2,31686.79,105240.992
600754.SH,2016-07-18,29.32,29.36,28.88,29.11,29.34,-0.23000000000000043,-0.78,33089.52,109231.353
600754.SH,2016-07-19,29.19,29.19,28.85,29.14,29.11,0.030000000000001137,0.1,29115.72,95715.868
600754.SH,2016-07-20,29.19,29.27,29.06,29.21,29.14,0.07000000000000028,0.24,28116.28,92945.871
600754.SH,2016-07-21,29.37,31.61,29.37,30.49,29.21,1.2799999999999976,4.38,133051.27,455855.857
600754.SH,2016-07-22,30.11,30.39,29.74,30.08,30.49,-0.41000000000000014,-1.34,68955.84,234765.561
600754.SH,2016-07-25,29.99,30.03,29.72,29.97,30.08,-0.10999999999999943,-0.37,30018.47,101693.468
600754.SH,2016-07-26,30.05,30.16,29.81,30.06,29.97,0.08999999999999986,0.3,36607.91,124276.793
600754.SH,2016-07-27,30.23,30.49,28.22,29.41,30.06,-0.6499999999999986,-2.16,86303.07,291427.627
600754.SH,2016-07-28,29.19,29.41,28.38,28.73,29.41,-0.6799999999999997,-2.31,43528.62,142202.371
600754.SH,2016-07-29,28.76,29.05,28.4,28.85,28.73,0.120000000000001,0.42,33290.11,108746.702
600754.SH,2016-08-01,28.84,28.84,28.04,28.05,28.85,-0.8000000000000007,-2.77,32307.53,103464.177
600754.SH,2016-08-02,28.11,29.25,28.11,28.85,28.05,0.8000000000000007,2.85,43442.87,141888.13
600754.SH,2016-08-03,28.79,29.31,28.55,29.13,28.85,0.2799999999999976,0.97,46248.65,152180.661
600754.SH,2016-08-04,29.12,29.26,28.81,29.14,29.13,0.010000000000001563,0.03,34686.17,114192.639
600754.SH,2016-08-05,29.3,29.98,29.1,29.17,29.14,0.030000000000001137,0.1,47669.96,159875.854
600754.SH,2016-08-08,28.92,29.51,28.79,29.5,29.17,0.3299999999999983,1.13,33479.61,111420.871
600754.SH,2016-08-09,29.6,29.77,29.18,29.54,29.5,0.03999999999999915,0.14,34963.09,116750.412
600754.SH,2016-08-10,29.39,29.54,29.01,29.07,29.54,-0.46999999999999886,-1.59,32564.99,107936.527
600754.SH,2016-08-11,29.07,29.29,28.84,28.86,29.07,-0.21000000000000085,-0.72,21629.33,71261.159
600754.SH,2016-08-12,28.85,29.0,28.75,28.91,28.86,0.05000000000000071,0.17,20119.99,65881.069
600754.SH,2016-08-15,28.92,29.92,28.88,29.8,28.91,0.8900000000000006,3.08,62901.34,211327.933
600754.SH,2016-08-16,29.8,30.41,29.76,29.99,29.8,0.18999999999999773,0.64,43958.25,149711.588
600754.SH,2016-08-17,29.98,30.04,29.67,29.87,29.99,-0.11999999999999744,-0.4,32693.8,110642.71
600754.SH,2016-08-18,30.02,30.27,29.72,29.88,29.87,0.00999999999999801,0.03,54044.57,184022.295
600754.SH,2016-08-19,29.68,30.23,29.68,30.06,29.88,0.17999999999999972,0.6,42155.58,143368.022
600754.SH,2016-08-22,30.07,31.31,30.07,30.64,30.06,0.5800000000000018,1.93,74651.39,261341.921
600754.SH,2016-08-23,30.64,32.62,30.44,32.05,30.64,1.4099999999999966,4.6,116018.25,419212.934
600754.SH,2016-08-24,31.75,32.17,31.31,31.37,32.05,-0.6799999999999962,-2.12,65398.16,234525.749
600754.SH,2016-08-25,31.38,32.19,31.38,31.51,31.37,0.14000000000000057,0.45,68203.56,245826.968
600754.SH,2016-08-26,31.42,31.68,30.71,31.51,31.51,0.0,0.0,59530.71,209789.518
600754.SH,2016-08-29,31.49,31.49,30.73,30.9,31.51,-0.610000000000003,-1.94,36800.3,129561.24
600754.SH,2016-08-30,30.7,30.73,30.25,30.3,30.9,-0.5999999999999979,-1.94,44618.43,153643.97
600754.SH,2016-08-31,30.16,30.69,30.13,30.6,30.3,0.3000000000000007,0.99,24299.48,83736.165
600754.SH,2016-09-01,30.6,30.69,30.23,30.24,30.6,-0.360000000000003,-1.18,19169.97,66223.274
600754.SH,2016-09-02,30.11,30.28,29.84,29.86,30.24,-0.379999999999999,-1.26,22532.84,76757.016
600754.SH,2016-09-05,29.9,30.7,29.9,30.35,29.86,0.490000000000002,1.64,24735.49,85296.319
600754.SH,2016-09-06,30.24,30.25,29.87,30.19,30.35,-0.16000000000000014,-0.53,27454.16,93727.126
600754.SH,2016-09-07,30.25,30.33,29.91,29.93,30.19,-0.26000000000000156,-0.86,25753.61,87844.26
600754.SH,2016-09-08,29.9,30.08,29.39,29.55,29.93,-0.379999999999999,-1.27,34978.79,117842.812
600754.SH,2016-09-09,29.37,29.67,28.66,28.75,29.55,-0.8000000000000007,-2.71,67630.09,222040.24
600754.SH,2016-09-12,28.26,28.59,28.14,28.16,28.75,-0.5899999999999999,-2.05,38934.78,124894.206
600754.SH,2016-09-13,28.35,28.46,27.88,28.02,28.16,-0.14000000000000057,-0.5,24323.5,77492.554
600754.SH,2016-09-14,27.91,28.18,27.85,27.98,28.02,-0.03999999999999915,-0.14,19133.15,60801.726
600754.SH,2016-09-19,27.99,29.04,27.99,28.96,27.98,0.9800000000000004,3.5,47554.52,154897.042
600754.SH,2016-09-20,28.96,28.96,28.32,28.41,28.96,-0.5500000000000007,-1.9,19434.89,62838.496
600754.SH,2016-09-21,28.32,28.48,28.1,28.38,28.41,-0.030000000000001137,-0.11,15043.78,48298.17
600754.SH,2016-09-22,28.66,28.7,28.38,28.45,28.38,0.07000000000000028,0.25,16270.26,52620.583
600754.SH,2016-09-23,28.46,28.59,28.27,28.48,28.45,0.030000000000001137,0.11,17997.44,58040.464
600754.SH,2016-09-26,28.61,28.61,27.34,27.4,28.48,-1.0800000000000018,-3.79,37641.85,118978.262
600754.SH,2016-09-27,27.34,27.51,26.94,27.29,27.4,-0.10999999999999943,-0.4,20967.77,64636.029
600754.SH,2016-09-28,27.29,27.29,26.59,26.71,27.29,-0.5799999999999983,-2.13,32515.9,98850.985
600754.SH,2016-09-29,26.59,26.79,26.51,26.61,26.71,-0.10000000000000142,-0.37,29447.38,88829.619
600754.SH,2016-09-30,26.72,26.94,26.38,26.94,26.61,0.33000000000000185,1.24,33832.06,102273.213
600754.SH,2016-10-10,26.94,27.16,26.82,27.1,26.94,0.16000000000000014,0.59,25125.77,76959.393
600754.SH,2016-10-11,27.26,27.27,26.9,27.18,27.1,0.0799999999999983,0.3,31774.63,97614.825
600754.SH,2016-10-12,27.06,27.88,26.8,27.64,27.18,0.46000000000000085,1.69,36981.69,114745.842
600754.SH,2016-10-13,27.34,27.63,27.28,27.43,27.64,-0.21000000000000085,-0.76,22780.91,70840.58
600754.SH,2016-10-14,27.25,27.39,26.94,27.3,27.43,-0.129999999999999,-0.47,22936.47,70663.438
600754.SH,2016-10-17,27.37,27.37,26.84,26.87,27.3,-0.4299999999999997,-1.58,19454.36,59754.587
600754.SH,2016-10-18,26.87,27.15,26.83,27.12,26.87,0.25,0.93,17584.19,53913.357
600754.SH,2016-10-19,27.12,27.34,27.03,27.16,27.12,0.03999999999999915,0.15,15146.25,46680.744
600754.SH,2016-10-20,27.07,27.21,26.98,27.05,27.16,-0.10999999999999943,-0.41,16020.18,49170.041
600754.SH,2016-10-21,27.13,27.28,26.81,26.96,27.05,-0.08999999999999986,-0.33,16561.18,50687.461
600754.SH,2016-10-24,26.96,27.46,26.9,27.41,26.96,0.4499999999999993,1.67,34737.28,107596.722
600754.SH,2016-10-25,27.51,28.53,27.38,28.02,27.41,0.6099999999999994,2.23,64440.43,204626.34
600754.SH,2016-10-26,27.87,27.87,27.41,27.52,28.02,-0.5,-1.78,33685.36,105315.078
600754.SH,2016-10-27,27.52,27.52,27.17,27.29,27.52,-0.23000000000000043,-0.84,20305.06,62864.776
600754.SH,2016-10-28,27.29,27.49,26.99,27.07,27.29,-0.21999999999999886,-0.81,18524.95,57094.321
600754.SH,2016-10-31,27.07,27.2,26.88,27.1,27.07,0.030000000000001137,0.11,16717.52,51280.676
600754.SH,2016-11-01,27.13,27.14,26.9,27.05,27.1,-0.05000000000000071,-0.18,20742.53,63537.503
600754.SH,2016-11-02,26.95,27.23,26.77,27.09,27.05,0.03999999999999915,0.15,26431.17,80921.613
600754.SH,2016-11-03,26.88,27.13,26.81,26.92,27.09,-0.16999999999999815,-0.63,24170.03,73873.391
600754.SH,2016-11-04,26.9,27.12,26.74,26.8,26.92,-0.120000000000001,-0.45,21479.18,65511.052
600754.SH,2016-11-07,26.8,26.9,26.64,26.71,26.8,-0.08999999999999986,-0.34,14283.96,43319.154
600754.SH,2016-11-08,26.83,26.86,26.66,26.76,26.71,0.05000000000000071,0.19,27047.54,81991.156
600754.SH,2016-11-09,26.83,26.86,26.35,26.55,26.76,-0.21000000000000085,-0.78,26562.64,80047.243
600754.SH,2016-11-10,26.63,26.88,26.61,26.78,26.55,0.23000000000000043,0.87,26478.56,80241.395
600754.SH,2016-11-11,27.05,27.65,26.92,27.31,26.78,0.5299999999999976,1.98,55989.26,173644.312
600754.SH,2016-11-14,27.01,27.53,27.0,27.32,27.31,0.010000000000001563,0.04,32095.91,99444.661
600754.SH,2016-11-15,27.35,27.51,27.13,27.38,27.32,0.05999999999999872,0.22,27048.36,83953.158
600754.SH,2016-11-16,27.49,27.49,27.27,27.34,27.38,-0.03999999999999915,-0.15,23948.63,74298.639
600754.SH,2016-11-17,27.34,27.47,27.04,27.16,27.34,-0.17999999999999972,-0.66,24387.01,75244.573
600754.SH,2016-11-18,27.17,27.5,27.08,27.31,27.16,0.14999999999999858,0.55,26053.06,80652.894
600754.SH,2016-11-21,27.23,27.41,27.13,27.22,27.31,-0.08999999999999986,-0.33,25701.6,79494.389
600754.SH,2016-11-22,27.24,27.65,27.17,27.6,27.22,0.38000000000000256,1.4,47057.5,146813.025
600754.SH,2016-11-23,27.62,27.62,27.25,27.31,27.6,-0.2900000000000027,-1.05,29856.76,92873.844
600754.SH,2016-11-24,27.31,27.41,27.1,27.2,27.31,-0.10999999999999943,-0.4,24865.49,76841.542
600754.SH,2016-11-25,27.2,28.21,26.48,27.66,27.2,0.46000000000000085,1.69,75010.29,233865.599
600754.SH,2016-11-28,27.35,27.51,27.29,27.37,27.66,-0.28999999999999915,-1.05,30412.07,94429.714
600754.SH,2016-11-29,27.37,27.59,27.1,27.13,27.37,-0.240000000000002,-0.88,31435.33,97481.936
600754.SH,2016-11-30,27.07,27.16,26.83,26.9,27.13,-0.23000000000000043,-0.85,20600.28,63023.868
600754.SH,2016-12-01,27.02,27.04,26.82,26.93,26.9,0.030000000000001137,0.11,18362.89,56050.772
600754.SH,2016-12-02,26.98,27.03,26.61,26.72,26.93,-0.21000000000000085,-0.78,22087.79,67048.983
600754.SH,2016-12-05,26.54,26.85,26.51,26.61,26.72,-0.10999999999999943,-0.41,13475.77,40748.425
600754.SH,2016-12-06,26.53,26.81,26.53,26.7,26.61,0.08999999999999986,0.34,10179.53,30812.322
600754.SH,2016-12-07,26.7,26.96,26.59,26.95,26.7,0.25,0.94,17268.16,52604.474
600754.SH,2016-12-08,26.96,27.14,26.84,26.89,26.95,-0.05999999999999872,-0.22,17857.78,54655.521
600754.SH,2016-12-09,26.75,27.15,26.73,27.13,26.89,0.23999999999999844,0.89,34918.37,106915.651
600754.SH,2016-12-12,27.07,27.32,25.58,25.71,27.13,-1.4199999999999982,-5.23,37145.92,111377.296
600754.SH,2016-12-13,25.75,26.32,24.96,25.81,25.71,0.09999999999999787,0.39,26621.14,77100.732
600754.SH,2016-12-14,25.66,26.19,25.4,25.84,25.81,0.030000000000001137,0.12,18890.89,55231.644
600754.SH,2016-12-15,25.84,26.27,25.58,26.02,25.84,0.17999999999999972,0.7,18488.25,54692.724
600754.SH,2016-12-16,25.85,26.68,25.85,26.35,26.02,0.33000000000000185,1.27,23537.58,70213.326
600754.SH,2016-12-19,26.37,26.37,26.04,26.18,26.35,-0.1700000000000017,-0.65,11583.07,34330.017
600754.SH,2016-12-20,26.22,26.22,25.69,25.87,26.18,-0.3099999999999987,-1.18,11962.97,35094.513
600754.SH,2016-12-21,25.97,26.17,25.86,25.99,25.87,0.11999999999999744,0.46,8009.25,23590.601
600754.SH,2016-12-22,26.06,27.57,25.89,26.96,25.99,0.9700000000000024,3.73,43971.68,133402.268
600754.SH,2016-12-23,28.66,29.61,26.98,27.16,26.96,0.1999999999999993,0.74,77905.34,246299.866
600754.SH,2016-12-26,26.46,26.67,25.85,26.39,27.16,-0.7699999999999996,-2.84,39910.38,118751.114
600754.SH,2016-12-27,26.41,26.72,26.1,26.3,26.39,-0.08999999999999986,-0.34,25934.76,77478.683
600754.SH,2016-12-28,26.17,26.49,26.01,26.15,26.3,-0.15000000000000213,-0.57,16723.95,49761.288
600754.SH,2016-12-29,26.04,26.25,25.84,25.93,26.15,-0.21999999999999886,-0.84,20037.25,59049.009
600754.SH,2016-12-30,26.06,26.07,25.64,25.98,25.93,0.05000000000000071,0.19,15546.78,45638.718
600754.SH,2017-01-03,26.01,26.1,25.77,25.93,25.98,-0.05000000000000071,-0.19,21442.11,62999.227
600754.SH,2017-01-04,25.93,26.1,25.78,26.07,25.93,0.14000000000000057,0.54,18995.0,55967.548
600754.SH,2017-01-05,26.01,26.97,25.82,26.55,26.07,0.4800000000000004,1.84,46715.86,139612.628
600754.SH,2017-01-06,26.22,26.52,26.14,26.18,26.55,-0.370000000000001,-1.39,21455.6,63897.555
600754.SH,2017-01-09,26.12,26.24,25.94,26.19,26.18,0.010000000000001563,0.04,15817.92,46860.899
600754.SH,2017-01-10,26.19,26.31,26.03,26.17,26.19,-0.019999999999999574,-0.08,14043.96,41730.909
600754.SH,2017-01-11,26.16,26.22,25.84,25.92,26.17,-0.25,-0.96,16316.61,48093.672
600754.SH,2017-01-12,25.93,26.16,25.83,25.87,25.92,-0.05000000000000071,-0.19,11526.28,33925.525
600754.SH,2017-01-13,25.82,26.06,25.77,26.0,25.87,0.129999999999999,0.5,16685.13,49067.117
600754.SH,2017-01-16,25.98,26.54,25.16,26.46,26.0,0.46000000000000085,1.77,52118.08,153952.323
600754.SH,2017-01-17,26.37,26.58,26.2,26.56,26.46,0.09999999999999787,0.38,17879.66,53601.123
600754.SH,2017-01-18,26.46,26.9,26.31,26.7,26.56,0.14000000000000057,0.53,20597.4,62308.305
600754.SH,2017-01-19,26.76,27.47,26.64,26.66,26.7,-0.03999999999999915,-0.15,42174.08,129950.675
600754.SH,2017-01-20,26.43,26.72,26.33,26.69,26.66,0.030000000000001137,0.11,15988.2,48177.517
600754.SH,2017-01-23,26.72,26.8,26.53,26.68,26.69,-0.010000000000001563,-0.04,13566.24,40957.903
600754.SH,2017-01-24,26.63,27.01,26.46,26.53,26.68,-0.14999999999999858,-0.56,13887.24,42075.309
600754.SH,2017-01-25,26.59,26.64,26.43,26.61,26.53,0.0799999999999983,0.3,8801.32,26508.238
600754.SH,2017-01-26,26.59,26.87,26.5,26.73,26.61,0.120000000000001,0.45,11468.73,34767.256
600754.SH,2017-02-03,26.76,26.89,26.3,26.44,26.73,-0.28999999999999915,-1.08,11557.06,34671.629
600754.SH,2017-02-06,26.43,26.59,26.29,26.58,26.44,0.13999999999999702,0.53,12696.17,38134.643
600754.SH,2017-02-07,26.55,26.6,26.16,26.34,26.58,-0.23999999999999844,-0.9,19524.37,58296.713
600754.SH,2017-02-08,26.18,26.35,25.95,26.29,26.34,-0.05000000000000071,-0.19,18738.77,55482.684
600754.SH,2017-02-09,26.28,26.43,26.17,26.4,26.29,0.10999999999999943,0.42,15214.01,45469.757
600754.SH,2017-02-10,26.4,26.55,26.28,26.31,26.4,-0.08999999999999986,-0.34,11963.72,35757.572
600754.SH,2017-02-13,26.46,27.22,26.32,27.17,26.31,0.860000000000003,3.27,45581.52,138696.533
600754.SH,2017-02-14,27.17,27.32,26.76,27.3,27.17,0.129999999999999,0.48,38549.8,118221.134
600754.SH,2017-02-15,27.94,28.57,27.24,27.29,27.3,-0.010000000000001563,-0.04,106431.24,335752.132
600754.SH,2017-02-16,27.2,27.89,26.91,27.24,27.29,-0.05000000000000071,-0.18,49610.27,153394.508
600754.SH,2017-02-17,26.97,27.16,26.59,26.63,27.24,-0.6099999999999994,-2.24,35548.71,107900.965
600754.SH,2017-02-20,26.63,26.82,26.51,26.79,26.63,0.16000000000000014,0.6,20626.87,62406.346
600754.SH,2017-02-21,26.79,27.09,26.77,26.9,26.79,0.10999999999999943,0.41,20649.32,63017.684
600754.SH,2017-02-22,26.95,27.47,26.9,27.05,26.9,0.15000000000000213,0.56,32900.99,101402.957
600754.SH,2017-02-23,26.95,27.1,26.81,26.97,27.05,-0.08000000000000185,-0.3,17657.16,53948.687
600754.SH,2017-02-24,27.01,27.12,26.9,27.12,26.97,0.15000000000000213,0.56,14631.8,44829.772
600754.SH,2017-02-27,27.13,27.44,26.95,27.37,27.12,0.25,0.92,31848.8,98491.856
600754.SH,2017-02-28,28.04,28.16,27.34,27.4,27.37,0.029999999999997584,0.11,35252.4,110285.542
600754.SH,2017-03-01,27.25,27.56,27.13,27.32,27.4,-0.0799999999999983,-0.29,31094.56,96599.279
600754.SH,2017-03-02,27.3,27.42,26.95,26.96,27.32,-0.35999999999999943,-1.32,20030.71,61537.901
600754.SH,2017-03-03,26.86,26.98,26.83,26.95,26.96,-0.010000000000001563,-0.04,13462.24,41064.231
600754.SH,2017-03-06,26.89,26.91,26.56,26.9,26.95,-0.05000000000000071,-0.19,22806.28,69169.391
600754.SH,2017-03-07,26.89,27.14,26.79,27.11,26.9,0.21000000000000085,0.78,20346.88,62307.568
600754.SH,2017-03-08,27.16,27.16,26.9,26.96,27.11,-0.14999999999999858,-0.55,11809.37,36096.724
600754.SH,2017-03-09,26.77,27.0,26.57,26.61,26.96,-0.3500000000000014,-1.3,18179.95,54975.75
600754.SH,2017-03-10,26.9,26.9,26.29,26.3,26.61,-0.3099999999999987,-1.16,24068.0,72073.627
600754.SH,2017-03-13,26.23,26.33,26.04,26.31,26.3,0.00999999999999801,0.04,16409.97,48726.907
600754.SH,2017-03-14,26.31,26.5,26.23,26.45,26.31,0.14000000000000057,0.53,12453.71,37252.527
600754.SH,2017-03-15,26.46,26.48,26.15,26.44,26.45,-0.00999999999999801,-0.04,14814.83,44241.407
600754.SH,2017-03-16,26.37,26.58,26.37,26.52,26.44,0.0799999999999983,0.3,14292.72,42936.394
600754.SH,2017-03-17,26.51,26.54,26.19,26.35,26.52,-0.16999999999999815,-0.64,13017.43,38942.421
600754.SH,2017-03-20,26.41,26.44,26.27,26.35,26.35,0.0,0.0,8264.43,24674.271
600754.SH,2017-03-21,26.35,26.43,26.25,26.31,26.35,-0.0400000000000027,-0.15,9666.81,28864.57
600754.SH,2017-03-22,26.28,26.28,25.98,26.01,26.31,-0.29999999999999716,-1.14,15781.04,46652.086
600754.SH,2017-03-23,26.01,26.15,25.77,25.87,26.01,-0.14000000000000057,-0.54,14346.02,42215.396
600754.SH,2017-03-24,25.86,26.04,25.86,25.93,25.87,0.05999999999999872,0.23,13921.77,40924.693
600754.SH,2017-03-27,26.09,26.38,25.96,26.18,25.93,0.25,0.96,18361.38,54540.308
600754.SH,2017-03-28,26.08,26.25,26.03,26.08,26.18,-0.10000000000000142,-0.38,10449.39,30929.222
600754.SH,2017-03-29,26.08,26.16,25.85,25.92,26.08,-0.1599999999999966,-0.61,10608.94,31282.307
600754.SH,2017-03-30,25.82,25.96,25.31,25.47,25.92,-0.45000000000000284,-1.74,24931.21,72030.043
600754.SH,2017-03-31,25.48,25.68,25.47,25.47,25.47,0.0,0.0,9684.39,28037.532
600754.SH,2017-04-05,25.49,26.16,25.49,26.01,25.47,0.5400000000000027,2.12,17592.12,51611.461
600754.SH,2017-04-06,26.01,26.18,25.89,26.0,26.01,-0.010000000000001563,-0.04,14460.88,42620.101
600754.SH,2017-04-07,26.0,26.5,25.93,26.37,26.0,0.370000000000001,1.42,28285.51,84131.034
600754.SH,2017-04-10,26.33,26.33,25.53,25.71,26.37,-0.6600000000000001,-2.5,22001.12,64510.801
600754.SH,2017-04-11,25.59,25.79,25.38,25.7,25.71,-0.010000000000001563,-0.04,23187.98,67254.42
600754.SH,2017-04-12,25.7,26.25,25.53,25.97,25.7,0.2699999999999996,1.05,21779.39,64127.413
600754.SH,2017-04-13,25.84,25.88,25.55,25.62,25.97,-0.34999999999999787,-1.35,19697.11,57309.336
600754.SH,2017-04-14,25.62,25.66,25.47,25.57,25.62,-0.05000000000000071,-0.2,17542.54,50828.448
600754.SH,2017-04-17,25.71,26.0,25.41,25.79,25.57,0.21999999999999886,0.86,30163.67,88040.8
600754.SH,2017-04-18,25.58,25.66,24.79,24.89,25.79,-0.8999999999999986,-3.49,41000.94,116413.222
600754.SH,2017-04-19,24.3,24.67,24.12,24.59,24.89,-0.3000000000000007,-1.21,22415.77,61908.296
600754.SH,2017-04-20,24.52,24.67,24.25,24.52,24.59,-0.07000000000000028,-0.28,13451.79,37221.259
600754.SH,2017-04-21,24.52,24.78,24.39,24.74,24.52,0.21999999999999886,0.9,11756.87,32788.283
600754.SH,2017-04-24,24.52,24.8,23.96,24.78,24.74,0.0400000000000027,0.16,19509.39,53815.517
600754.SH,2017-04-25,24.78,24.94,24.34,24.37,24.78,-0.41000000000000014,-1.65,12539.04,34858.879
600754.SH,2017-04-26,24.38,24.52,24.07,24.14,24.37,-0.23000000000000043,-0.94,8872.6,24332.013
600754.SH,2017-04-27,24.07,24.07,22.93,23.47,24.14,-0.6700000000000017,-2.78,22607.98,60105.484
600754.SH,2017-04-28,23.37,23.56,23.19,23.47,23.47,0.0,0.0,17241.53,45794.163
600754.SH,2017-05-02,23.43,23.43,22.33,22.49,23.47,-0.9800000000000004,-4.18,31833.98,82341.34
600754.SH,2017-05-03,22.39,22.48,21.62,22.24,22.49,-0.25,-1.11,39674.46,99067.337
600754.SH,2017-05-04,22.05,22.05,21.75,22.02,22.24,-0.21999999999999886,-0.99,19927.32,49428.682
600754.SH,2017-05-05,21.86,22.14,21.83,22.13,22.02,0.10999999999999943,0.5,18051.92,45007.735
600754.SH,2017-05-08,21.97,22.24,21.89,22.21,22.13,0.08000000000000185,0.36,20023.81,50189.718
600754.SH,2017-05-09,22.23,22.23,21.85,21.95,22.21,-0.26000000000000156,-1.17,10784.79,26890.645
600754.SH,2017-05-10,22.05,22.32,21.83,21.95,21.95,0.0,0.0,13721.16,34228.489
600754.SH,2017-05-11,21.89,22.12,21.63,22.03,21.95,0.08000000000000185,0.36,21774.75,54112.427
600754.SH,2017-05-12,22.0,22.17,21.91,22.02,22.03,-0.010000000000001563,-0.05,8485.2,21196.223
600754.SH,2017-05-15,22.02,22.44,21.98,22.39,22.02,0.370000000000001,1.68,17189.77,43321.369
600754.SH,2017-05-16,22.39,22.58,22.05,22.53,22.39,0.14000000000000057,0.63,12824.54,32507.156
600754.SH,2017-05-17,22.56,22.56,22.33,22.38,22.53,-0.15000000000000213,-0.67,10645.8,27079.049
600754.SH,2017-05-18,22.25,22.37,22.07,22.28,22.38,-0.09999999999999787,-0.45,8749.26,22043.408
600754.SH,2017-05-19,22.34,22.34,22.03,22.16,22.28,-0.120000000000001,-0.54,6784.1,17038.317
600754.SH,2017-05-22,22.05,22.35,21.8,22.32,22.16,0.16000000000000014,0.72,12687.43,31716.487
600754.SH,2017-05-23,22.17,22.64,21.74,22.62,22.32,0.3000000000000007,1.34,24655.28,62422.652
600754.SH,2017-05-24,22.35,22.76,22.32,22.74,22.62,0.11999999999999744,0.53,19559.37,50088.5
600754.SH,2017-05-25,22.93,22.93,22.42,22.67,22.74,-0.06999999999999673,-0.31,16384.37,41994.505
600754.SH,2017-05-26,22.68,22.77,22.56,22.76,22.67,0.08999999999999986,0.4,11457.13,29444.351
600754.SH,2017-05-31,22.82,23.27,22.82,23.18,22.76,0.41999999999999815,1.85,17585.99,46145.546
600754.SH,2017-06-01,23.19,23.56,22.98,23.54,23.18,0.35999999999999943,1.55,28735.29,76086.073
600754.SH,2017-06-02,23.54,23.55,23.0,23.44,23.54,-0.09999999999999787,-0.42,19992.47,52916.254
600754.SH,2017-06-05,23.36,23.57,23.17,23.4,23.44,-0.0400000000000027,-0.17,13033.05,34503.442
600754.SH,2017-06-06,23.25,23.25,22.88,23.13,23.39,-0.26000000000000156,-1.11,15185.6,38938.992
600754.SH,2017-06-07,23.2,23.31,22.93,23.23,23.13,0.10000000000000142,0.43,14545.3,37448.449
600754.SH,2017-06-08,23.17,23.58,23.07,23.57,23.23,0.33999999999999986,1.46,22052.27,57570.58
600754.SH,2017-06-09,23.55,25.32,23.37,24.27,23.57,0.6999999999999993,2.97,47115.92,128271.121
600754.SH,2017-06-12,24.08,24.69,23.71,24.1,24.27,-0.16999999999999815,-0.7,27413.09,73548.988
600754.SH,2017-06-13,23.87,24.12,23.66,23.93,24.1,-0.1700000000000017,-0.71,17906.51,47665.289
600754.SH,2017-06-14,23.88,23.9,23.49,23.5,23.93,-0.4299999999999997,-1.8,16866.03,44394.795
600754.SH,2017-06-15,23.64,24.25,23.4,23.81,23.5,0.3099999999999987,1.32,21169.07,56179.799
600754.SH,2017-06-16,23.88,23.88,23.55,23.56,23.81,-0.25,-1.05,12504.67,32947.334
600754.SH,2017-06-19,23.56,23.77,23.48,23.62,23.56,0.060000000000002274,0.25,11394.24,29943.578
600754.SH,2017-06-20,23.62,23.74,23.54,23.56,23.62,-0.060000000000002274,-0.25,10420.81,27407.627
600754.SH,2017-06-21,23.57,24.07,23.48,23.78,23.56,0.22000000000000242,0.93,18181.37,48075.47
600754.SH,2017-06-22,23.64,23.84,23.2,23.27,23.78,-0.5100000000000016,-2.14,14163.22,37161.691
600754.SH,2017-06-23,23.23,23.44,23.06,23.23,23.27,-0.03999999999999915,-0.17,10540.28,27254.166
600754.SH,2017-06-26,23.21,23.58,23.17,23.54,23.23,0.3099999999999987,1.33,11705.05,30610.509
600754.SH,2017-06-27,23.54,23.97,23.54,23.88,23.54,0.33999999999999986,1.44,15832.23,42008.054
600754.SH,2017-06-28,23.88,23.96,23.57,23.61,23.88,-0.2699999999999996,-1.13,10442.51,27534.108
600754.SH,2017-06-29,23.6,23.79,23.55,23.64,23.61,0.030000000000001137,0.13,14235.51,37518.403
600754.SH,2017-06-30,23.98,24.49,23.84,24.34,23.64,0.6999999999999993,2.96,32050.15,86251.863
600754.SH,2017-07-03,24.26,24.59,23.98,24.3,24.34,-0.03999999999999915,-0.16,19739.35,53349.595
600754.SH,2017-07-04,24.25,24.3,23.99,24.17,24.3,-0.129999999999999,-0.53,13982.01,37564.033
600754.SH,2017-07-05,24.08,24.24,23.9,24.12,24.17,-0.05000000000000071,-0.21,11145.98,29854.937
600754.SH,2017-07-06,24.14,24.18,23.91,23.96,24.12,-0.16000000000000014,-0.66,11135.55,29786.822
600754.SH,2017-07-07,24.0,24.24,23.87,23.99,23.96,0.029999999999997584,0.13,14205.34,38071.171
600754.SH,2017-07-10,23.98,24.21,23.93,24.16,23.99,0.1700000000000017,0.71,13011.82,34946.997
600754.SH,2017-07-11,23.99,24.28,23.9,24.18,24.16,0.019999999999999574,0.08,17165.92,46109.43
600754.SH,2017-07-12,24.18,24.54,24.07,24.34,24.18,0.16000000000000014,0.66,20833.77,56376.963
600754.SH,2017-07-13,24.12,24.29,23.9,23.93,24.34,-0.41000000000000014,-1.68,13631.88,36501.918
600754.SH,2017-07-14,23.87,24.01,23.22,23.23,23.93,-0.6999999999999993,-2.93,16694.0,43758.398
600754.SH,2017-07-17,23.23,23.23,21.64,22.08,23.23,-1.1500000000000021,-4.95,20086.07,50263.778
600754.SH,2017-07-18,22.08,22.42,22.08,22.37,22.08,0.2900000000000027,1.31,12176.83,30205.195
600754.SH,2017-07-19,22.38,23.18,22.3,23.06,22.37,0.6899999999999977,3.08,16653.19,42437.444
600754.SH,2017-07-20,23.15,23.69,23.06,23.53,23.06,0.4700000000000024,2.04,22968.48,60188.638
600754.SH,2017-07-21,23.53,24.48,23.53,24.36,23.53,0.8299999999999983,3.53,41690.76,112680.477
600754.SH,2017-07-24,24.34,25.65,24.25,25.34,24.36,0.9800000000000004,4.02,61409.13,173157.919
600754.SH,2017-07-25,25.57,26.01,25.15,25.85,25.34,0.5100000000000016,2.01,58000.98,166037.833
600754.SH,2017-07-26,25.9,26.31,25.37,25.71,25.85,-0.14000000000000057,-0.54,40553.01,116755.858
600754.SH,2017-07-27,25.68,26.22,25.68,25.84,25.71,0.129999999999999,0.51,29758.29,86205.598
600754.SH,2017-07-28,25.77,26.23,25.77,25.8,25.84,-0.03999999999999915,-0.15,26507.28,76844.756
600754.SH,2017-07-31,25.71,26.99,25.71,26.85,25.8,1.0500000000000007,4.07,51582.15,153807.315
600754.SH,2017-08-01,26.94,28.29,26.86,27.09,26.85,0.23999999999999844,0.89,63551.13,194030.998
600754.SH,2017-08-02,27.15,27.41,26.49,27.17,27.09,0.08000000000000185,0.3,32614.54,98300.4
600754.SH,2017-08-03,27.17,27.28,26.43,26.47,27.17,-0.7000000000000028,-2.58,26631.25,78971.623
600754.SH,2017-08-04,26.45,26.67,25.95,26.31,26.47,-0.16000000000000014,-0.6,25047.03,73309.075
600754.SH,2017-08-07,26.04,26.51,25.52,26.24,26.31,-0.07000000000000028,-0.27,17206.69,49996.052
600754.SH,2017-08-08,26.24,27.66,26.23,27.17,26.24,0.9300000000000033,3.54,25591.96,77256.23
600754.SH,2017-08-09,27.48,27.48,26.69,27.43,27.17,0.259999999999998,0.96,32554.32,97841.107
600754.SH,2017-08-10,27.06,27.39,26.67,26.71,27.43,-0.7199999999999989,-2.62,19053.19,57285.388
600754.SH,2017-08-11,26.45,26.72,25.91,25.91,26.71,-0.8000000000000007,-3.0,15820.83,46145.193
600754.SH,2017-08-14,25.81,26.85,25.81,26.21,25.91,0.3000000000000007,1.16,15233.78,44907.225
600754.SH,2017-08-15,26.24,26.56,26.0,26.07,26.21,-0.14000000000000057,-0.53,7753.21,22644.342
600754.SH,2017-08-16,26.07,26.38,25.91,26.22,26.07,0.14999999999999858,0.58,8400.07,24468.548
600754.SH,2017-08-17,26.21,26.35,26.0,26.05,26.22,-0.16999999999999815,-0.65,13795.04,40108.581
600754.SH,2017-08-18,25.77,26.49,25.71,26.1,26.05,0.05000000000000071,0.19,30623.83,88804.913
600754.SH,2017-08-21,26.17,26.47,26.1,26.26,26.1,0.16000000000000014,0.61,17869.51,52282.813
600754.SH,2017-08-22,26.23,26.46,26.06,26.12,26.26,-0.14000000000000057,-0.53,15466.33,45188.389
600754.SH,2017-08-23,26.09,26.34,25.97,26.1,26.12,-0.019999999999999574,-0.08,9222.84,26849.152
600754.SH,2017-08-24,26.1,26.38,25.82,25.9,26.1,-0.20000000000000284,-0.77,10582.75,30741.01
600754.SH,2017-08-25,25.84,26.33,25.84,26.31,25.9,0.41000000000000014,1.58,11548.81,33679.681
600754.SH,2017-08-28,26.33,26.37,25.9,25.99,26.31,-0.3200000000000003,-1.22,24767.24,71978.548
600754.SH,2017-08-29,26.01,26.83,26.01,26.8,25.99,0.8100000000000023,3.12,29174.66,86074.053
600754.SH,2017-08-30,26.94,28.33,26.66,26.72,26.8,-0.08000000000000185,-0.3,40672.48,124318.044
600754.SH,2017-08-31,26.94,27.44,26.75,26.86,26.72,0.14000000000000057,0.52,31497.67,94990.544
600754.SH,2017-09-01,26.88,27.26,26.43,26.71,26.86,-0.14999999999999858,-0.56,21137.76,63212.498
600754.SH,2017-09-04,26.71,27.65,26.5,27.63,26.71,0.9199999999999982,3.44,36439.88,110552.79
600754.SH,2017-09-05,27.65,28.11,27.43,27.51,27.63,-0.11999999999999744,-0.43,28933.94,89581.122
600754.SH,2017-09-06,27.49,27.77,27.25,27.51,27.51,0.0,0.0,17771.44,54352.486
600754.SH,2017-09-07,27.45,27.65,26.83,26.89,27.51,-0.620000000000001,-2.25,21083.65,63894.18
600754.SH,2017-09-08,26.89,27.65,26.81,27.6,26.89,0.7100000000000009,2.64,34907.18,106002.416
600754.SH,2017-09-11,27.6,28.45,27.38,28.35,27.6,0.75,2.72,43732.6,137580.525
600754.SH,2017-09-12,28.39,28.87,28.11,28.54,28.35,0.18999999999999773,0.67,34430.28,109762.233
600754.SH,2017-09-13,28.43,28.5,27.85,28.14,28.54,-0.3999999999999986,-1.4,22025.08,68764.012
600754.SH,2017-09-14,28.15,28.51,27.71,28.06,28.14,-0.08000000000000185,-0.28,20017.98,62577.938
600754.SH,2017-09-15,28.06,28.71,27.9,28.52,28.06,0.46000000000000085,1.64,33761.48,106876.677
600754.SH,2017-09-18,28.52,28.81,28.09,28.16,28.52,-0.35999999999999943,-1.26,24653.2,77776.659
600754.SH,2017-09-19,28.26,28.99,28.26,28.44,28.16,0.28000000000000114,0.99,28620.19,91399.189
600754.SH,2017-09-20,28.53,28.83,28.11,28.4,28.44,-0.0400000000000027,-0.14,20414.12,64731.934
600754.SH,2017-09-21,28.41,28.56,27.58,27.59,28.4,-0.8099999999999987,-2.85,30453.14,94660.775
600754.SH,2017-09-22,27.49,28.04,27.48,27.93,27.59,0.33999999999999986,1.23,16374.16,50719.647
600754.SH,2017-09-25,27.96,27.96,26.98,27.11,27.93,-0.8200000000000003,-2.94,16380.09,49955.367
600754.SH,2017-09-26,27.03,27.21,26.29,27.2,27.11,0.08999999999999986,0.33,27931.47,83076.044
600754.SH,2017-09-27,27.2,27.5,26.78,27.02,27.2,-0.17999999999999972,-0.66,15393.46,46420.236
600754.SH,2017-09-28,27.25,28.74,27.25,28.59,27.02,1.5700000000000003,5.81,52665.86,166207.916
600754.SH,2017-09-29,28.65,28.65,27.95,28.2,28.59,-0.39000000000000057,-1.36,41707.02,131406.511
600754.SH,2017-10-09,28.25,28.62,27.48,27.59,28.2,-0.6099999999999994,-2.16,31097.94,96497.671
600754.SH,2017-10-10,27.61,27.74,27.1,27.33,27.59,-0.26000000000000156,-0.94,35222.06,107190.843
600754.SH,2017-10-11,27.33,28.14,27.06,27.77,27.33,0.4400000000000013,1.61,32229.36,99562.107
600754.SH,2017-10-12,27.79,27.97,26.94,27.02,27.77,-0.75,-2.7,23398.39,71069.022
600754.SH,2017-10-13,27.03,27.3,26.84,26.98,27.02,-0.03999999999999915,-0.15,16216.19,48813.985
600754.SH,2017-10-16,27.01,27.01,25.89,26.09,26.98,-0.8900000000000006,-3.3,38558.39,113155.434
600754.SH,2017-10-17,26.04,26.39,25.75,25.89,26.09,-0.1999999999999993,-0.77,25073.78,72429.92
600754.SH,2017-10-18,25.89,26.5,25.89,26.33,25.89,0.4399999999999977,1.7,30247.02,88391.545
600754.SH,2017-10-19,26.32,26.32,25.59,25.71,26.33,-0.6199999999999974,-2.35,16272.59,46817.972
600754.SH,2017-10-20,26.04,26.68,25.95,26.3,25.71,0.5899999999999999,2.29,27536.62,81004.409
600754.SH,2017-10-23,26.41,27.34,26.41,27.07,26.3,0.7699999999999996,2.93,40336.4,121232.967
600754.SH,2017-10-24,27.03,27.22,26.53,26.72,27.07,-0.3500000000000014,-1.29,23844.35,71496.706
600754.SH,2017-10-25,26.91,26.92,26.51,26.52,26.72,-0.1999999999999993,-0.75,10812.83,32082.203
600754.SH,2017-10-26,26.49,26.79,26.49,26.57,26.52,0.05000000000000071,0.19,13514.15,40059.822
600754.SH,2017-10-27,26.6,27.21,26.5,26.88,26.57,0.3099999999999987,1.17,20098.81,60134.87
600754.SH,2017-10-30,26.89,26.89,26.02,26.24,26.88,-0.6400000000000006,-2.38,19550.11,57157.678
600754.SH,2017-10-31,26.54,27.98,26.38,27.87,26.24,1.6300000000000026,6.21,50690.7,154502.432
600754.SH,2017-11-01,27.66,28.46,27.44,27.77,27.87,-0.10000000000000142,-0.36,39842.14,123485.409
600754.SH,2017-11-02,27.72,28.11,27.51,27.69,27.77,-0.0799999999999983,-0.29,17122.52,53029.461
600754.SH,2017-11-03,27.85,27.9,26.78,27.09,27.69,-0.6000000000000014,-2.17,17846.49,54368.42
600754.SH,2017-11-06,27.08,28.38,27.08,28.24,27.09,1.1499999999999986,4.25,32027.2,99749.917
600754.SH,2017-11-07,28.38,28.68,28.02,28.29,28.24,0.05000000000000071,0.18,45414.19,143161.535
600754.SH,2017-11-08,28.65,28.96,28.13,28.34,28.29,0.05000000000000071,0.18,37407.92,119266.777
600754.SH,2017-11-09,28.35,29.72,28.35,29.62,28.34,1.2800000000000011,4.52,56390.74,183622.111
600754.SH,2017-11-10,29.62,30.72,29.62,29.98,29.62,0.35999999999999943,1.22,55072.5,185893.744
600754.SH,2017-11-13,30.04,30.98,29.48,29.65,29.98,-0.33000000000000185,-1.1,54553.83,182998.074
600754.SH,2017-11-14,29.88,30.35,29.43,29.62,29.65,-0.029999999999997584,-0.1,33760.38,112144.758
600754.SH,2017-11-15,29.89,30.75,29.65,30.37,29.62,0.75,2.53,38527.03,130303.03
600754.SH,2017-11-16,30.53,30.67,29.9,30.15,30.37,-0.22000000000000242,-0.72,26579.94,89293.054
600754.SH,2017-11-17,30.22,30.31,29.18,29.61,30.15,-0.5399999999999991,-1.79,35827.04,118210.122
600754.SH,2017-11-20,29.3,30.33,28.83,30.22,29.61,0.6099999999999994,2.06,30399.92,99197.835
600754.SH,2017-11-21,30.37,30.69,29.91,30.24,30.22,0.019999999999999574,0.07,22980.94,77332.809
600754.SH,2017-11-22,30.41,30.42,29.32,29.68,30.24,-0.5599999999999987,-1.85,22698.12,75650.998
600754.SH,2017-11-23,29.18,29.77,28.27,28.3,29.68,-1.379999999999999,-4.65,27940.05,89333.01
600754.SH,2017-11-24,28.51,28.95,27.91,28.76,28.3,0.46000000000000085,1.63,25263.92,80484.43
600754.SH,2017-11-27,28.52,29.34,27.85,28.05,28.76,-0.7100000000000009,-2.47,18617.86,59154.213
600754.SH,2017-11-28,28.09,28.56,27.76,27.84,28.05,-0.21000000000000085,-0.75,23684.71,74032.836
600754.SH,2017-11-29,27.85,28.34,27.76,28.28,27.84,0.4400000000000013,1.58,13299.85,41626.196
600754.SH,2017-11-30,28.05,28.05,26.31,26.81,28.28,-1.4700000000000024,-5.2,44468.87,134690.698
600754.SH,2017-12-01,26.77,27.02,25.94,26.12,26.81,-0.6899999999999977,-2.57,29250.28,85823.683
600754.SH,2017-12-04,26.12,26.12,25.01,25.61,26.12,-0.5100000000000016,-1.95,35466.64,100388.943
600754.SH,2017-12-05,25.4,25.77,24.77,24.94,25.61,-0.6699999999999982,-2.62,24943.14,69732.528
600754.SH,2017-12-06,24.94,25.68,24.94,25.66,24.94,0.7199999999999989,2.89,21309.84,60337.589
600754.SH,2017-12-07,25.53,26.08,25.33,26.05,25.66,0.39000000000000057,1.52,15912.92,45627.577
600754.SH,2017-12-08,26.09,26.2,25.42,26.1,26.05,0.05000000000000071,0.19,19826.04,57091.963
600754.SH,2017-12-11,26.18,27.28,26.18,27.2,26.1,1.0999999999999979,4.21,26197.48,78756.666
600754.SH,2017-12-12,26.97,27.56,26.79,27.02,27.2,-0.17999999999999972,-0.66,15716.91,47607.037
600754.SH,2017-12-13,27.07,27.33,26.85,27.07,27.02,0.05000000000000071,0.19,11308.79,34008.925
600754.SH,2017-12-14,27.07,27.22,26.73,26.92,27.07,-0.14999999999999858,-0.55,12377.55,37056.358
600754.SH,2017-12-15,26.92,27.26,26.77,26.98,26.92,0.05999999999999872,0.22,14407.28,43323.826
600754.SH,2017-12-18,26.94,27.7,26.81,27.36,26.98,0.379999999999999,1.41,17048.98,51944.237
600754.SH,2017-12-19,27.18,27.84,26.95,27.16,27.36,-0.1999999999999993,-0.73,24744.49,75726.222
600754.SH,2017-12-20,27.07,27.93,27.07,27.79,27.16,0.629999999999999,2.32,22603.28,69325.098
600754.SH,2017-12-21,27.61,28.65,27.52,27.92,27.79,0.13000000000000256,0.47,29233.31,91807.758
600754.SH,2017-12-22,27.84,28.45,27.67,28.21,27.92,0.28999999999999915,1.04,12890.07,40215.397
600754.SH,2017-12-25,28.21,28.36,27.48,27.75,28.21,-0.46000000000000085,-1.63,11888.64,36896.109
600754.SH,2017-12-26,27.88,28.11,27.5,27.79,27.75,0.03999999999999915,0.14,12832.38,39841.062
600754.SH,2017-12-27,27.6,28.28,27.6,27.77,27.79,-0.019999999999999574,-0.07,18255.96,56846.477
600754.SH,2017-12-28,27.52,28.11,27.16,27.18,27.77,-0.5899999999999999,-2.12,16759.97,51568.505
600754.SH,2017-12-29,27.52,29.01,27.48,29.0,27.18,1.8200000000000003,6.7,54368.8,172951.9
600754.SH,2018-01-02,29.01,29.69,28.27,28.67,29.0,-0.3299999999999983,-1.14,56207.51,180597.274
600754.SH,2018-01-03,29.18,31.52,29.18,30.48,28.67,1.8099999999999987,6.31,90569.06,307941.61
600754.SH,2018-01-04,30.26,31.65,30.08,30.98,30.48,0.5,1.64,69955.27,240906.967
600754.SH,2018-01-05,30.8,30.94,30.04,30.86,30.98,-0.120000000000001,-0.39,53279.4,181442.281
600754.SH,2018-01-08,30.71,31.38,30.01,30.67,30.86,-0.18999999999999773,-0.62,52214.59,178221.935
600754.SH,2018-01-09,30.23,30.76,29.62,29.89,30.67,-0.7800000000000011,-2.54,42722.05,142827.825
600754.SH,2018-01-10,30.03,31.09,30.0,30.53,29.89,0.6400000000000006,2.14,49491.53,168601.62
600754.SH,2018-01-11,30.5,31.92,30.08,31.71,30.53,1.1799999999999997,3.87,60789.13,211507.298
600754.SH,2018-01-12,31.43,32.31,31.24,31.52,31.71,-0.19000000000000128,-0.6,48366.64,171471.221
600754.SH,2018-01-15,31.78,33.85,31.37,33.42,31.52,1.9000000000000021,6.03,76451.7,280045.389
600754.SH,2018-01-16,33.41,35.82,33.03,34.73,33.42,1.3099999999999952,3.92,75625.35,288636.117
600754.SH,2018-01-17,34.75,35.36,33.42,34.4,34.73,-0.3299999999999983,-0.95,53028.68,203058.563
600754.SH,2018-01-18,33.89,35.54,33.63,35.03,34.4,0.6300000000000026,1.83,41995.05,160936.4
600754.SH,2018-01-19,35.02,35.68,33.48,33.9,35.03,-1.1300000000000026,-3.23,37975.77,146271.005
600754.SH,2018-01-22,34.29,35.01,33.23,34.59,33.9,0.6900000000000048,2.04,38734.55,147725.479
600754.SH,2018-01-23,34.71,35.87,34.4,35.09,34.59,0.5,1.45,40826.31,159074.276
600754.SH,2018-01-24,35.0,35.0,33.75,34.09,35.09,-1.0,-2.85,45626.58,173190.133
600754.SH,2018-01-25,34.05,34.39,33.41,33.72,34.09,-0.37000000000000455,-1.09,29432.37,111081.339
600754.SH,2018-01-26,33.81,34.27,33.55,33.85,33.72,0.13000000000000256,0.39,42832.5,161946.665
600754.SH,2018-01-29,33.54,34.33,32.7,33.05,33.85,-0.8000000000000043,-2.36,35539.63,132018.329
600754.SH,2018-01-30,32.66,33.9,32.4,32.79,33.05,-0.259999999999998,-0.79,30206.29,110978.093
600754.SH,2018-01-31,32.87,33.12,31.88,32.44,32.79,-0.3500000000000014,-1.07,32091.87,116281.301
600754.SH,2018-02-01,32.79,33.88,32.55,32.66,32.44,0.21999999999999886,0.68,43540.4,160810.824
600754.SH,2018-02-02,32.5,33.64,30.98,33.38,32.66,0.720000000000006,2.2,68644.88,246488.602
600754.SH,2018-02-05,33.14,34.38,32.78,34.25,33.38,0.8699999999999974,2.61,55623.81,208811.217
600754.SH,2018-02-06,33.23,33.85,30.83,30.83,34.25,-3.4200000000000017,-9.99,74365.78,264032.768
600754.SH,2018-02-07,31.78,32.22,29.72,29.93,30.83,-0.8999999999999986,-2.92,50277.87,172490.993
600754.SH,2018-02-08,29.9,31.4,29.63,31.22,29.93,1.2899999999999991,4.31,39901.58,137728.0
600754.SH,2018-02-09,30.19,30.79,28.57,29.63,31.22,-1.5899999999999999,-5.09,42781.75,142539.539
600754.SH,2018-02-12,30.08,30.8,29.2,30.43,29.63,0.8000000000000007,2.7,46098.52,155674.566
600754.SH,2018-02-13,30.53,31.86,30.53,30.98,30.43,0.5500000000000007,1.81,41313.83,143897.572
600754.SH,2018-02-14,30.92,31.41,30.08,30.18,30.98,-0.8000000000000007,-2.58,27024.28,91746.384
600754.SH,2018-02-22,30.98,33.18,30.71,33.13,30.18,2.950000000000003,9.77,49123.99,176164.028
600754.SH,2018-02-23,33.13,34.29,32.55,34.12,33.13,0.9899999999999949,2.99,55382.11,205611.356
600754.SH,2018-02-26,33.93,34.36,33.23,34.11,34.12,-0.00999999999999801,-0.03,47923.91,180094.03
600754.SH,2018-02-27,33.94,33.94,32.89,33.13,34.11,-0.9799999999999969,-2.87,35182.68,130229.051
600754.SH,2018-02-28,32.61,33.05,32.18,32.7,33.13,-0.4299999999999997,-1.3,35921.98,130484.742
600754.SH,2018-03-01,32.64,34.03,32.56,34.02,32.7,1.3200000000000003,4.04,71776.49,265774.945
600754.SH,2018-03-02,33.57,33.58,32.78,32.86,34.02,-1.1600000000000037,-3.41,34852.05,128629.143
600754.SH,2018-03-05,32.93,33.12,30.42,31.13,32.86,-1.7300000000000004,-5.26,76916.61,267504.725
600754.SH,2018-03-06,30.98,32.51,30.77,32.09,31.13,0.9600000000000044,3.08,53839.03,190857.195
600754.SH,2018-03-07,32.18,32.29,31.43,31.6,32.09,-0.490000000000002,-1.53,22889.5,81087.618
600754.SH,2018-03-08,31.43,32.37,31.43,31.86,31.6,0.259999999999998,0.82,23304.42,82777.495
600754.SH,2018-03-09,32.06,33.58,31.95,33.41,31.86,1.5499999999999972,4.87,52270.55,192532.968
600754.SH,2018-03-12,33.81,34.81,33.15,34.55,33.41,1.1400000000000006,3.41,60300.96,230145.143
600754.SH,2018-03-13,34.39,34.89,33.85,34.67,34.55,0.12000000000000455,0.35,34150.88,130980.824
600754.SH,2018-03-14,34.21,35.78,33.87,34.68,34.67,0.00999999999999801,0.03,50812.34,197577.208
600754.SH,2018-03-15,34.63,34.63,32.7,33.23,34.68,-1.4500000000000028,-4.18,60116.9,222854.41
600754.SH,2018-03-16,33.44,33.98,33.2,33.23,33.23,0.0,0.0,27340.19,102142.175
600754.SH,2018-03-19,33.29,33.46,32.34,33.12,33.23,-0.10999999999999943,-0.33,29075.03,106589.139
600754.SH,2018-03-20,32.79,33.36,32.69,32.81,33.12,-0.30999999999999517,-0.94,22454.32,82285.951
600754.SH,2018-03-21,32.82,33.67,32.8,32.85,32.81,0.03999999999999915,0.12,28624.11,105804.438
600754.SH,2018-03-22,32.55,33.05,31.43,31.7,32.85,-1.1500000000000021,-3.5,40182.07,142754.742
600754.SH,2018-03-23,29.72,31.45,29.71,30.79,31.7,-0.9100000000000001,-2.87,33874.36,116120.319
600754.SH,2018-03-26,29.93,31.65,29.93,31.63,30.79,0.8399999999999999,2.73,20130.46,70122.287
600754.SH,2018-03-27,31.56,32.7,31.56,32.4,31.63,0.7699999999999996,2.43,23265.9,83770.633
600754.SH,2018-03-28,32.09,32.42,30.73,31.12,32.4,-1.2799999999999976,-3.95,30227.71,105342.858
600754.SH,2018-03-29,31.13,31.82,30.3,31.38,31.12,0.259999999999998,0.84,24637.36,85279.118
600754.SH,2018-03-30,31.43,31.59,30.42,30.68,31.38,-0.6999999999999993,-2.23,37363.86,127915.181
600754.SH,2018-04-02,30.78,31.28,29.9,31.26,30.68,0.5800000000000018,1.89,43954.34,149487.362
600754.SH,2018-04-03,30.53,31.07,30.42,30.79,31.26,-0.4700000000000024,-1.5,24053.15,82183.636
600754.SH,2018-04-04,30.89,32.26,30.8,31.8,30.79,1.0100000000000016,3.28,42469.13,149490.363
600754.SH,2018-04-09,31.54,32.22,31.25,31.8,31.8,0.0,0.0,20069.43,70754.915
600754.SH,2018-04-10,31.81,32.21,31.3,32.14,31.8,0.33999999999999986,1.07,24596.99,87181.85
600754.SH,2018-04-11,32.24,32.83,31.61,31.74,32.14,-0.40000000000000213,-1.24,26780.44,96334.408
600754.SH,2018-04-12,31.91,32.19,31.69,31.97,31.74,0.23000000000000043,0.72,12334.49,43945.833
600754.SH,2018-04-13,31.99,32.24,31.07,31.12,31.97,-0.8499999999999979,-2.66,15353.27,53918.818
600754.SH,2018-04-16,31.03,31.54,30.33,31.21,31.12,0.08999999999999986,0.29,20148.78,69464.545
600754.SH,2018-04-17,31.16,31.16,28.53,28.58,31.21,-2.6300000000000026,-8.43,59996.02,196282.924
600754.SH,2018-04-18,29.01,29.43,28.31,29.0,28.58,0.4200000000000017,1.47,29374.57,94726.155
600754.SH,2018-04-19,29.14,30.35,29.02,29.84,29.0,0.8399999999999999,2.9,28839.75,95860.95
600754.SH,2018-04-20,29.58,30.53,29.46,29.54,29.84,-0.3000000000000007,-1.01,22654.13,75794.116
600754.SH,2018-04-23,28.74,29.53,26.59,26.6,29.54,-2.9399999999999977,-9.95,82822.34,250294.64
600754.SH,2018-04-24,26.89,29.18,26.81,28.18,26.6,1.5799999999999983,5.94,74360.36,231757.672
600754.SH,2018-04-25,28.56,29.32,28.17,29.01,28.18,0.8300000000000018,2.95,38207.51,122988.962
600754.SH,2018-04-26,29.08,29.25,28.38,28.47,29.01,-0.5400000000000027,-1.86,16930.13,54065.644
600754.SH,2018-04-27,28.32,29.0,28.13,28.5,28.47,0.030000000000001137,0.11,13285.24,42225.98
600754.SH,2018-05-02,28.99,29.55,28.24,29.32,28.5,0.8200000000000003,2.88,25348.56,82260.756
600754.SH,2018-05-03,29.31,29.31,28.29,28.9,29.32,-0.4200000000000017,-1.43,36993.22,118565.549
600754.SH,2018-05-04,29.01,29.06,28.0,28.32,28.9,-0.5799999999999983,-2.01,27564.87,86971.604
600754.SH,2018-05-07,28.4,29.71,28.35,29.29,28.32,0.9699999999999989,3.43,30817.85,100049.149
600754.SH,2018-05-08,29.32,30.93,29.32,30.84,29.29,1.5500000000000007,5.29,38786.89,132028.607
600754.SH,2018-05-09,31.12,31.12,29.99,30.04,30.84,-0.8000000000000007,-2.59,31261.86,105311.74
600754.SH,2018-05-10,30.44,30.73,29.98,30.32,30.04,0.28000000000000114,0.93,20842.61,70448.777
600754.SH,2018-05-11,30.3,30.71,30.3,30.57,30.32,0.25,0.82,16139.89,54875.459
600754.SH,2018-05-14,30.33,31.21,30.33,30.62,30.57,0.05000000000000071,0.16,30909.26,105815.931
600754.SH,2018-05-15,30.89,31.38,30.4,31.1,30.62,0.4800000000000004,1.57,28193.19,97163.56
600754.SH,2018-05-16,31.61,32.78,31.61,32.43,31.1,1.3299999999999983,4.28,44598.47,160852.719
600754.SH,2018-05-17,32.33,32.59,31.63,31.85,32.43,-0.5799999999999983,-1.79,24949.64,89231.466
600754.SH,2018-05-18,31.74,32.14,31.18,32.05,31.85,0.19999999999999574,0.63,16580.66,58579.03
600754.SH,2018-05-21,32.18,32.88,32.18,32.66,32.05,0.6099999999999994,1.9,27293.14,98896.187
600754.SH,2018-05-22,32.72,33.15,32.42,32.9,32.66,0.240000000000002,0.73,18741.11,68396.084
600754.SH,2018-05-23,32.96,33.2,32.07,32.25,32.9,-0.6499999999999986,-1.98,22292.99,81106.09
600754.SH,2018-05-24,32.25,33.05,32.16,32.55,32.25,0.29999999999999716,0.93,19442.27,70697.828
600754.SH,2018-05-25,32.58,34.12,32.51,33.4,32.55,0.8500000000000014,2.61,47025.13,175087.47
600754.SH,2018-05-28,33.84,34.92,33.72,34.38,33.4,0.980000000000004,2.93,40600.95,155246.383
600754.SH,2018-05-29,34.2,34.8,33.85,33.93,34.38,-0.45000000000000284,-1.31,28588.99,109046.89
600754.SH,2018-05-30,33.94,34.57,32.96,33.57,33.93,-0.35999999999999943,-1.06,25722.81,96595.024
600754.SH,2018-05-31,34.22,35.26,34.14,35.23,33.57,1.6599999999999966,4.94,38701.99,149611.924
600754.SH,2018-06-01,35.11,35.47,33.56,34.09,35.23,-1.1399999999999935,-3.24,30290.98,117103.13
600754.SH,2018-06-04,34.81,35.4,34.37,34.76,34.09,0.6699999999999946,1.97,35569.83,138346.63
600754.SH,2018-06-05,34.77,35.89,34.6,35.64,34.76,0.8800000000000026,2.53,27350.91,108289.222
600754.SH,2018-06-06,35.67,36.36,34.99,35.27,35.64,-0.36999999999999744,-1.04,28477.77,112767.854
600754.SH,2018-06-07,35.51,36.05,34.42,34.9,35.27,-0.37000000000000455,-1.05,42796.5,168534.279
600754.SH,2018-06-08,35.08,35.1,33.58,34.27,34.9,-0.6299999999999955,-1.81,45206.54,171720.263
600754.SH,2018-06-11,34.22,34.57,32.97,33.28,34.27,-0.990000000000002,-2.89,40288.55,150452.838
600754.SH,2018-06-12,33.28,34.62,33.28,34.33,33.28,1.0499999999999972,3.16,46712.71,177453.952
600754.SH,2018-06-13,34.6,35.35,34.33,35.06,34.33,0.730000000000004,2.13,45462.96,176949.507
600754.SH,2018-06-14,35.07,35.07,32.7,33.82,35.06,-1.240000000000002,-3.54,47221.66,176946.613
600754.SH,2018-06-15,34.39,34.39,33.0,33.78,33.82,-0.03999999999999915,-0.12,32157.13,120359.988
600754.SH,2018-06-19,33.73,33.73,31.95,32.87,33.79,-0.9200000000000017,-2.72,38297.29,138797.656
600754.SH,2018-06-20,32.87,32.94,31.71,32.57,32.87,-0.29999999999999716,-0.91,45738.05,162267.666
600754.SH,2018-06-21,32.63,33.64,32.11,32.55,32.57,-0.020000000000003126,-0.06,41027.4,148807.305
600754.SH,2018-06-22,32.48,33.6,31.46,33.22,32.55,0.6700000000000017,2.06,38118.77,137302.114
600754.SH,2018-06-25,33.55,34.95,33.11,34.53,33.22,1.3100000000000023,3.94,51212.38,193705.973
600754.SH,2018-06-26,34.03,34.27,33.25,33.9,34.53,-0.6300000000000026,-1.82,26514.77,98271.426
600754.SH,2018-06-27,33.92,34.26,32.44,32.46,33.9,-1.4399999999999977,-4.25,24820.65,90987.897
600754.SH,2018-06-28,31.94,32.77,31.59,32.0,32.46,-0.46000000000000085,-1.42,16452.99,58094.24
600754.SH,2018-06-29,31.91,33.9,31.87,33.69,32.0,1.6899999999999977,5.28,23413.14,84596.687
600754.SH,2018-07-02,34.08,34.08,30.32,30.34,33.69,-3.349999999999998,-9.94,78597.99,270801.499
600754.SH,2018-07-03,30.72,30.78,28.66,30.09,30.34,-0.25,-0.82,47921.41,155520.171
600754.SH,2018-07-04,30.07,30.07,29.0,29.18,30.09,-0.9100000000000001,-3.02,38687.64,124522.701
600754.SH,2018-07-05,29.0,29.72,28.23,28.28,29.18,-0.8999999999999986,-3.08,30119.21,95643.227
600754.SH,2018-07-06,28.28,29.8,27.61,29.57,28.28,1.2899999999999991,4.56,38873.01,122842.102
600754.SH,2018-07-09,29.17,30.93,29.17,30.72,29.57,1.1499999999999986,3.89,29486.38,98542.601
600754.SH,2018-07-10,31.01,31.01,30.18,30.98,30.72,0.26000000000000156,0.85,18741.6,63314.967
600754.SH,2018-07-11,30.45,31.44,30.06,31.38,30.98,0.3999999999999986,1.29,18746.94,63575.871
600754.SH,2018-07-12,31.04,31.73,30.97,31.43,31.38,0.05000000000000071,0.16,23975.25,82737.284
600754.SH,2018-07-13,31.32,31.68,31.0,31.37,31.43,-0.05999999999999872,-0.19,23065.37,79249.491
600754.SH,2018-07-16,31.36,32.35,31.18,31.79,31.37,0.41999999999999815,1.34,25398.18,88697.096
600754.SH,2018-07-17,31.8,32.36,31.47,32.08,31.79,0.28999999999999915,0.91,25655.11,90438.149
600754.SH,2018-07-18,32.08,32.35,30.21,30.91,32.08,-1.1699999999999982,-3.65,38051.16,129946.209
600754.SH,2018-07-19,31.25,31.88,31.19,31.64,30.91,0.7300000000000004,2.36,32818.74,113613.946
600754.SH,2018-07-20,31.45,31.84,30.45,31.29,31.64,-0.3500000000000014,-1.11,32003.65,108521.561
600754.SH,2018-07-23,31.23,31.29,29.99,30.34,31.29,-0.9499999999999993,-3.04,29816.08,99047.527
600754.SH,2018-07-24,30.35,30.87,29.78,30.6,30.34,0.26000000000000156,0.86,29591.43,98872.899
600754.SH,2018-07-25,30.36,30.68,29.63,29.84,30.6,-0.7600000000000016,-2.48,31335.0,103141.94
600754.SH,2018-07-26,29.96,30.24,29.36,29.68,29.84,-0.16000000000000014,-0.54,25454.88,82938.017
600754.SH,2018-07-27,29.63,29.63,28.99,29.2,29.68,-0.4800000000000004,-1.62,28271.15,90809.594
600754.SH,2018-07-30,29.21,29.39,27.35,27.53,29.2,-1.6699999999999982,-5.72,78595.81,241217.989
600754.SH,2018-07-31,27.56,28.03,27.44,27.71,27.53,0.17999999999999972,0.65,31451.57,95437.145
600754.SH,2018-08-01,27.85,28.35,27.25,27.3,27.71,-0.41000000000000014,-1.48,40728.72,123599.255
600754.SH,2018-08-02,27.21,27.34,25.27,25.65,27.3,-1.6500000000000021,-6.04,66890.21,188855.315
600754.SH,2018-08-03,25.12,25.75,24.42,24.59,25.65,-1.0599999999999987,-4.13,68584.38,186604.362
600754.SH,2018-08-06,24.79,24.79,22.13,22.23,24.59,-2.3599999999999994,-9.6,71149.09,179740.365
600754.SH,2018-08-07,22.42,23.06,21.97,22.87,22.23,0.6400000000000006,2.88,76358.44,190249.709
600754.SH,2018-08-08,23.25,23.57,22.3,22.32,22.87,-0.5500000000000007,-2.4,75768.52,190422.824
600754.SH,2018-08-09,22.7,24.03,22.3,23.39,22.32,1.0700000000000003,4.79,73316.42,188027.924
600754.SH,2018-08-10,23.67,24.41,23.44,24.25,23.39,0.8599999999999994,3.68,51909.53,137047.099
600754.SH,2018-08-13,24.02,24.02,23.38,23.79,24.25,-0.46000000000000085,-1.9,44507.97,115735.368
600754.SH,2018-08-14,23.79,23.94,23.29,23.63,23.79,-0.16000000000000014,-0.67,31923.81,82696.757
600754.SH,2018-08-15,23.63,23.75,22.83,22.98,23.63,-0.6499999999999986,-2.75,33711.39,85740.575
600754.SH,2018-08-16,22.64,23.03,22.1,22.31,22.98,-0.6700000000000017,-2.92,43657.09,107379.216
600754.SH,2018-08-17,22.85,22.88,21.09,21.22,22.31,-1.0899999999999999,-4.89,53767.26,128654.801
600754.SH,2018-08-20,21.33,22.6,21.26,22.42,21.22,1.2000000000000028,5.66,61676.49,148278.081
600754.SH,2018-08-21,22.97,23.03,22.25,22.75,22.42,0.3299999999999983,1.47,45155.35,112556.483
600754.SH,2018-08-22,23.0,23.14,22.51,22.89,22.75,0.14000000000000057,0.62,28658.34,71962.645
600754.SH,2018-08-23,23.03,23.03,21.25,21.68,22.89,-1.2100000000000009,-5.29,73536.67,176189.257
600754.SH,2018-08-24,21.79,22.56,21.79,22.31,21.68,0.629999999999999,2.91,54566.76,133076.73
600754.SH,2018-08-27,22.67,23.42,22.62,22.83,22.31,0.5199999999999996,2.33,57643.48,144908.955
600754.SH,2018-08-28,23.17,23.52,23.07,23.26,22.84,0.4200000000000017,1.84,44760.88,114421.895
600754.SH,2018-08-29,23.26,23.34,22.34,22.54,23.26,-0.7200000000000024,-3.1,42447.04,105552.942
600754.SH,2018-08-30,22.93,23.42,22.79,23.19,22.54,0.6500000000000021,2.88,49610.89,126079.108
600754.SH,2018-08-31,23.43,23.43,21.8,22.38,23.19,-0.8100000000000023,-3.49,83670.47,205356.283
600754.SH,2018-09-03,22.24,22.5,21.67,22.11,22.38,-0.2699999999999996,-1.21,33874.02,81700.678
600754.SH,2018-09-04,22.34,22.34,21.68,22.12,22.11,0.010000000000001563,0.05,36263.42,87548.325
600754.SH,2018-09-05,22.2,22.2,21.43,21.47,22.12,-0.6500000000000021,-2.94,28696.34,68083.441
600754.SH,2018-09-06,21.46,21.46,20.4,20.61,21.47,-0.8599999999999994,-4.01,61933.95,141827.067
600754.SH,2018-09-07,20.68,21.13,20.6,20.89,20.61,0.28000000000000114,1.36,33623.12,77005.215
600754.SH,2018-09-10,20.89,20.97,19.88,20.3,20.89,-0.5899999999999999,-2.82,39210.07,87187.429
600754.SH,2018-09-11,20.17,20.39,19.95,20.32,20.3,0.019999999999999574,0.1,23797.04,52685.804
600754.SH,2018-09-12,20.42,20.81,20.02,20.32,20.32,0.0,0.0,23701.56,53028.823
600754.SH,2018-09-13,20.59,20.91,20.16,20.77,20.32,0.4499999999999993,2.21,32771.36,73549.386
600754.SH,2018-09-14,20.79,20.79,20.29,20.34,20.77,-0.4299999999999997,-2.07,41962.68,94043.564
600754.SH,2018-09-17,20.25,20.26,19.89,19.93,20.34,-0.41000000000000014,-2.02,21704.46,47618.834
600754.SH,2018-09-18,19.88,20.52,19.79,20.29,19.93,0.35999999999999943,1.81,31682.81,70084.041
600754.SH,2018-09-19,20.3,20.9,20.19,20.75,20.29,0.46000000000000085,2.27,57347.61,129878.373
600754.SH,2018-09-20,20.9,22.45,20.9,21.72,20.75,0.9699999999999989,4.67,102983.42,247036.615
600754.SH,2018-09-21,21.93,22.75,21.75,22.34,21.72,0.620000000000001,2.85,84152.34,205141.538
600754.SH,2018-09-25,22.29,23.15,21.95,22.84,22.34,0.5,2.24,61443.83,152889.624
600754.SH,2018-09-26,22.92,23.51,22.38,23.03,22.84,0.19000000000000128,0.83,52048.23,131274.302
600754.SH,2018-09-27,22.95,23.34,22.68,22.97,23.03,-0.060000000000002274,-0.26,48361.71,122373.268
600754.SH,2018-09-28,23.25,24.12,23.02,24.07,22.97,1.1000000000000014,4.79,61687.5,161117.83
600754.SH,2018-10-08,23.7,23.7,22.05,22.25,24.07,-1.8200000000000003,-7.56,67503.79,168362.3
600754.SH,2018-10-09,22.55,23.02,22.28,22.37,22.25,0.120000000000001,0.54,44710.11,110668.925
600754.SH,2018-10-10,22.56,23.18,22.14,22.33,22.37,-0.0400000000000027,-0.18,41130.64,102174.059
600754.SH,2018-10-11,21.41,22.1,21.03,21.35,22.33,-0.9799999999999969,-4.39,42482.85,100130.721
600754.SH,2018-10-12,21.4,21.83,20.88,21.51,21.35,0.16000000000000014,0.75,57314.13,134506.948
600754.SH,2018-10-15,21.35,21.84,20.26,20.66,21.51,-0.8500000000000014,-3.95,46030.39,105897.64
600754.SH,2018-10-16,20.66,21.15,20.38,20.55,20.66,-0.10999999999999943,-0.53,37526.41,85568.117
600754.SH,2018-10-17,20.79,21.27,18.92,19.42,20.55,-1.129999999999999,-5.5,65726.17,142089.093
600754.SH,2018-10-18,19.24,19.83,18.78,19.45,19.42,0.029999999999997584,0.15,35456.34,75037.123
600754.SH,2018-10-19,18.96,20.36,18.96,20.19,19.45,0.740000000000002,3.8,34045.84,73690.965
600754.SH,2018-10-22,20.74,22.22,20.74,22.22,20.19,2.0299999999999976,10.05,65015.48,156316.022
600754.SH,2018-10-23,22.34,22.85,21.29,21.56,22.22,-0.6600000000000001,-2.97,66603.93,161854.784
600754.SH,2018-10-24,21.47,21.86,21.23,21.38,21.56,-0.17999999999999972,-0.83,38345.61,90259.466
600754.SH,2018-10-25,20.86,21.15,20.42,20.97,21.38,-0.41000000000000014,-1.92,35471.92,80921.677
600754.SH,2018-10-26,21.08,21.75,20.22,20.38,20.97,-0.5899999999999999,-2.81,53435.74,122204.638
600754.SH,2018-10-29,20.46,20.51,19.22,19.53,20.38,-0.8499999999999979,-4.17,40009.3,86203.698
600754.SH,2018-10-30,19.42,19.91,19.24,19.68,19.53,0.14999999999999858,0.77,30864.63,66339.564
600754.SH,2018-10-31,19.97,21.06,19.81,20.85,19.68,1.1700000000000017,5.95,45289.77,101972.236
600754.SH,2018-11-01,21.06,21.4,20.67,20.84,20.85,-0.010000000000001563,-0.05,44436.86,101892.072
600754.SH,2018-11-02,21.68,22.93,21.39,22.93,20.84,2.09,10.03,77237.99,187968.488
600754.SH,2018-11-05,23.38,23.38,22.15,22.55,22.93,-0.379999999999999,-1.66,74964.54,185165.087
600754.SH,2018-11-06,22.53,22.53,21.63,22.13,22.55,-0.4200000000000017,-1.86,64813.91,156019.529
600754.SH,2018-11-07,22.04,22.14,21.63,21.71,22.13,-0.41999999999999815,-1.9,45090.72,108146.393
600754.SH,2018-11-08,21.93,22.03,21.5,21.7,21.71,-0.010000000000001563,-0.05,28162.43,67103.637
600754.SH,2018-11-09,21.55,21.57,20.95,21.14,21.7,-0.5599999999999987,-2.58,37406.18,86912.563
600754.SH,2018-11-12,21.03,21.79,20.87,21.77,21.14,0.629999999999999,2.98,34727.57,81395.097
600754.SH,2018-11-13,21.31,22.24,21.11,21.95,21.77,0.17999999999999972,0.83,44629.62,106987.277
600754.SH,2018-11-14,21.97,22.24,21.59,21.96,21.95,0.010000000000001563,0.05,32379.35,77836.884
600754.SH,2018-11-15,21.79,22.65,21.79,22.63,21.96,0.6699999999999982,3.05,48147.96,118155.938
600754.SH,2018-11-16,22.63,23.12,22.34,22.63,22.63,0.0,0.0,52441.98,130707.967
600754.SH,2018-11-19,22.34,22.52,21.8,22.04,22.63,-0.5899999999999999,-2.61,45202.26,109044.221
600754.SH,2018-11-20,21.67,21.83,20.89,21.42,22.04,-0.6199999999999974,-2.81,57629.69,134713.048
600754.SH,2018-11-21,20.98,21.72,20.98,21.41,21.42,-0.010000000000001563,-0.05,31535.27,74179.336
600754.SH,2018-11-22,21.52,21.62,21.2,21.48,21.41,0.07000000000000028,0.33,14990.09,35241.576
600754.SH,2018-11-23,21.48,21.48,20.69,20.83,21.48,-0.6500000000000021,-3.03,25929.01,59578.904
600754.SH,2018-11-26,20.84,20.9,20.38,20.52,20.83,-0.3099999999999987,-1.49,14069.11,31928.283
600754.SH,2018-11-27,20.63,20.82,20.02,20.48,20.52,-0.03999999999999915,-0.19,28786.57,63930.77
600754.SH,2018-11-28,20.39,21.12,20.2,21.01,20.48,0.5300000000000011,2.59,19503.91,44202.222
600754.SH,2018-11-29,21.15,21.36,20.68,20.71,21.01,-0.3000000000000007,-1.43,16944.88,39159.829
600754.SH,2018-11-30,20.68,21.15,20.56,21.05,20.71,0.33999999999999986,1.64,17472.5,40117.619
600754.SH,2018-12-03,21.07,22.43,20.67,22.14,21.05,1.0899999999999999,5.18,130030.22,307705.606
600754.SH,2018-12-04,21.7,21.84,21.52,21.75,22.14,-0.39000000000000057,-1.76,41285.77,98117.371
600754.SH,2018-12-05,21.45,21.56,21.17,21.31,21.75,-0.4400000000000013,-2.02,26136.3,61201.952
600754.SH,2018-12-06,21.26,21.26,20.75,20.86,21.31,-0.4499999999999993,-2.11,22867.0,52552.164
600754.SH,2018-12-07,20.9,21.04,20.65,20.73,20.86,-0.129999999999999,-0.62,13634.89,31149.552
600754.SH,2018-12-10,20.6,20.94,20.52,20.89,20.73,0.16000000000000014,0.77,33189.87,75545.642
600754.SH,2018-12-11,20.86,21.08,20.76,20.93,20.89,0.03999999999999915,0.19,18443.63,42368.829
600754.SH,2018-12-12,21.03,21.34,20.86,21.04,20.93,0.10999999999999943,0.53,21314.86,49327.835
600754.SH,2018-12-13,21.04,21.51,20.88,21.21,21.04,0.1700000000000017,0.81,19593.08,45707.9
600754.SH,2018-12-14,21.21,21.21,20.71,20.75,21.21,-0.46000000000000085,-2.17,14403.62,32986.961
600754.SH,2018-12-17,20.66,20.7,19.69,19.87,20.75,-0.879999999999999,-4.24,42576.15,93119.838
600754.SH,2018-12-18,19.78,20.13,19.7,19.92,19.87,0.05000000000000071,0.25,21621.49,47282.792
600754.SH,2018-12-19,19.83,20.08,19.65,19.73,19.92,-0.19000000000000128,-0.95,11796.0,25618.068
600754.SH,2018-12-20,19.84,19.84,19.47,19.75,19.73,0.019999999999999574,0.1,13109.79,28243.04
600754.SH,2018-12-21,19.65,19.74,18.92,19.46,19.75,-0.28999999999999915,-1.47,26552.83,56026.284
600754.SH,2018-12-24,19.22,19.76,19.22,19.74,19.46,0.2799999999999976,1.44,17902.61,38445.639
600754.SH,2018-12-25,19.17,19.82,18.94,19.67,19.74,-0.06999999999999673,-0.35,24648.08,52050.204
600754.SH,2018-12-26,19.57,19.6,19.19,19.53,19.67,-0.14000000000000057,-0.71,16812.83,35692.541
600754.SH,2018-12-27,19.59,19.62,19.22,19.32,19.53,-0.21000000000000085,-1.08,20924.12,44578.22
600754.SH,2018-12-28,19.34,19.42,18.95,19.42,19.32,0.10000000000000142,0.52,20919.64,44134.399
600754.SH,2019-01-02,19.38,19.42,18.87,18.9,19.42,-0.5200000000000031,-2.68,25202.64,52581.567
600754.SH,2019-01-03,18.89,18.97,18.09,18.19,18.9,-0.7099999999999973,-3.76,41263.43,83076.114
600754.SH,2019-01-04,17.96,18.49,17.7,18.4,18.19,0.2099999999999973,1.15,27417.35,54545.247
600754.SH,2019-01-07,18.6,19.04,18.38,18.84,18.4,0.4400000000000013,2.39,25868.61,53191.272
600754.SH,2019-01-08,18.83,19.1,18.45,18.54,18.84,-0.3000000000000007,-1.59,26605.09,54348.609
600754.SH,2019-01-09,18.52,19.92,18.52,19.3,18.54,0.7600000000000016,4.1,51620.49,109566.506
600754.SH,2019-01-10,19.3,19.35,19.06,19.07,19.3,-0.23000000000000043,-1.19,18545.49,39046.921
600754.SH,2019-01-11,19.04,19.41,18.9,19.3,19.07,0.23000000000000043,1.21,15761.0,33186.666
600754.SH,2019-01-14,19.22,19.29,18.85,19.21,19.3,-0.08999999999999986,-0.47,18584.62,38926.837
600754.SH,2019-01-15,19.05,19.66,18.97,19.61,19.21,0.3999999999999986,2.08,23793.29,50822.294
600754.SH,2019-01-16,19.54,19.66,19.38,19.49,19.61,-0.120000000000001,-0.61,12439.9,26660.812
600754.SH,2019-01-17,19.36,19.71,19.29,19.32,19.49,-0.16999999999999815,-0.87,13727.72,29247.328
600754.SH,2019-01-18,19.33,19.86,19.33,19.63,19.32,0.3099999999999987,1.6,21069.03,45332.461
600754.SH,2019-01-21,19.83,20.6,19.69,20.22,19.63,0.5899999999999999,3.01,38503.08,85575.277
600754.SH,2019-01-22,20.23,20.33,19.68,19.8,20.22,-0.41999999999999815,-2.08,27119.36,59370.647
600754.SH,2019-01-23,19.78,19.78,19.28,19.56,19.8,-0.240000000000002,-1.21,21017.05,44933.591
600754.SH,2019-01-24,19.56,19.63,19.23,19.48,19.56,-0.0799999999999983,-0.41,12730.74,27188.823
600754.SH,2019-01-25,19.37,19.74,19.28,19.56,19.48,0.0799999999999983,0.41,11329.4,24312.056
600754.SH,2019-01-28,19.65,19.76,19.27,19.33,19.56,-0.23000000000000043,-1.18,18201.21,38962.725
600754.SH,2019-01-29,19.42,19.91,19.06,19.76,19.33,0.43000000000000327,2.22,25709.95,55092.883
600754.SH,2019-01-30,19.56,19.83,19.14,19.57,19.76,-0.19000000000000128,-0.96,31216.41,66812.753
600754.SH,2019-01-31,19.37,19.73,19.36,19.49,19.57,-0.08000000000000185,-0.41,20234.37,43442.939
600754.SH,2019-02-01,19.68,20.15,19.51,20.09,19.49,0.6000000000000014,3.08,19124.53,41680.322
600754.SH,2019-02-11,20.1,20.96,19.97,20.86,20.09,0.7699999999999996,3.83,31260.27,70530.179
600754.SH,2019-02-12,20.79,21.21,20.56,20.86,20.86,0.0,0.0,25923.12,59415.695
600754.SH,2019-02-13,20.86,21.69,20.7,21.39,20.86,0.5300000000000011,2.54,32117.8,74988.536
600754.SH,2019-02-14,21.52,21.58,21.0,21.36,21.39,-0.030000000000001137,-0.14,27042.16,63341.905
600754.SH,2019-02-15,21.36,21.5,21.16,21.18,21.36,-0.17999999999999972,-0.84,18102.83,42349.736
600754.SH,2019-02-18,21.19,22.31,21.19,22.15,21.18,0.9699999999999989,4.58,51284.62,123274.644
600754.SH,2019-02-19,22.29,23.03,21.8,22.06,22.15,-0.08999999999999986,-0.41,46956.53,115267.388
600754.SH,2019-02-20,22.06,22.34,21.83,22.0,22.06,-0.05999999999999872,-0.27,20593.0,49683.103
600754.SH,2019-02-21,22.0,22.73,21.88,22.62,22.0,0.620000000000001,2.82,42227.7,103907.917
600754.SH,2019-02-22,22.44,22.55,22.26,22.45,22.62,-0.1700000000000017,-0.75,38925.52,95585.887
600754.SH,2019-02-25,22.63,23.56,22.44,23.29,22.45,0.8399999999999999,3.74,69722.4,175769.827
600754.SH,2019-02-26,23.29,23.58,22.81,22.85,23.29,-0.4399999999999977,-1.89,49072.07,124898.08
600754.SH,2019-02-27,22.7,23.25,22.49,22.62,22.85,-0.23000000000000043,-1.01,46510.04,116487.199
600754.SH,2019-02-28,22.46,23.08,22.43,22.97,22.62,0.34999999999999787,1.55,46709.45,116696.394
600754.SH,2019-03-01,22.97,23.27,22.43,22.78,22.97,-0.18999999999999773,-0.83,45440.83,113916.543
600754.SH,2019-03-04,22.76,23.5,22.76,22.99,22.78,0.2099999999999973,0.92,55001.35,140295.048
600754.SH,2019-03-05,22.97,23.07,22.68,23.02,22.99,0.030000000000001137,0.13,36567.13,91834.856
600754.SH,2019-03-06,23.16,23.21,22.56,22.92,23.02,-0.09999999999999787,-0.43,48393.13,121141.962
600754.SH,2019-03-07,22.96,22.96,22.23,22.6,22.92,-0.3200000000000003,-1.4,55029.71,136316.018
600754.SH,2019-03-08,22.56,22.56,21.42,21.49,22.6,-1.110000000000003,-4.91,56845.32,136934.062
600754.SH,2019-03-11,21.49,22.22,21.49,22.2,21.49,0.7100000000000009,3.3,30887.92,74608.201
600754.SH,2019-03-12,22.2,22.61,22.15,22.37,22.2,0.1700000000000017,0.77,40159.97,98777.664
600754.SH,2019-03-13,22.54,22.76,21.95,22.08,22.37,-0.2900000000000027,-1.3,36038.03,88317.002
600754.SH,2019-03-14,21.93,22.19,21.53,21.75,22.08,-0.3299999999999983,-1.49,32141.25,76863.795
600754.SH,2019-03-15,21.95,23.57,21.95,23.33,21.75,1.5799999999999983,7.26,144174.05,364891.139
600754.SH,2019-03-18,23.62,23.89,23.07,23.76,23.33,0.43000000000000327,1.84,106274.6,274573.412
600754.SH,2019-03-19,23.77,24.91,23.76,24.56,23.76,0.7999999999999972,3.37,111035.73,295499.935
600754.SH,2019-03-20,24.61,24.85,24.25,24.61,24.56,0.05000000000000071,0.2,52026.47,140023.236
600754.SH,2019-03-21,24.8,25.23,24.46,24.94,24.61,0.33000000000000185,1.34,47173.07,128782.96
600754.SH,2019-03-22,24.89,26.16,24.8,26.14,24.94,1.1999999999999993,4.81,83130.14,235377.817
600754.SH,2019-03-25,25.77,25.97,24.98,25.23,26.14,-0.9100000000000001,-3.48,53880.98,150286.891
600754.SH,2019-03-26,25.36,25.45,24.4,24.63,25.23,-0.6000000000000014,-2.38,41180.37,111910.515
600754.SH,2019-03-27,24.98,25.07,24.36,24.66,24.63,0.030000000000001137,0.12,30986.88,84086.666
600754.SH,2019-03-28,24.78,25.32,24.26,24.63,24.66,-0.030000000000001137,-0.12,38719.9,105268.361
600754.SH,2019-03-29,24.47,25.66,24.4,25.32,24.63,0.6900000000000013,2.8,41723.4,115429.971
600754.SH,2019-04-01,25.32,27.85,25.32,27.85,25.32,2.530000000000001,9.99,82207.03,246791.91
600754.SH,2019-04-02,27.9,28.76,26.9,27.04,27.85,-0.8100000000000023,-2.91,62500.47,188678.343
600754.SH,2019-04-03,27.0,27.48,26.59,27.2,27.04,0.16000000000000014,0.59,51047.38,151077.549
600754.SH,2019-04-04,27.53,27.88,26.67,26.88,27.2,-0.3200000000000003,-1.18,51022.23,151528.567
600754.SH,2019-04-08,26.97,27.18,26.03,26.28,26.88,-0.5999999999999979,-2.23,50357.38,146968.594
600754.SH,2019-04-09,26.2,27.29,26.2,27.05,26.28,0.7699999999999996,2.93,55855.7,165026.705
600754.SH,2019-04-10,27.03,28.28,26.74,27.83,27.05,0.7799999999999976,2.88,67644.6,206574.977
600754.SH,2019-04-11,27.73,28.04,26.27,26.57,27.83,-1.259999999999998,-4.53,63549.07,188255.102
600754.SH,2019-04-12,26.69,27.06,26.3,26.7,26.57,0.129999999999999,0.49,24318.59,71109.263
600754.SH,2019-04-15,27.31,28.23,26.44,26.82,26.7,0.120000000000001,0.45,104373.75,313717.093
600754.SH,2019-04-16,26.99,26.99,26.22,26.88,26.82,0.05999999999999872,0.22,41698.27,121405.78
600754.SH,2019-04-17,26.99,26.99,25.98,26.26,26.88,-0.6199999999999974,-2.31,50459.6,145491.832
600754.SH,2019-04-18,26.26,26.41,25.69,25.71,26.26,-0.5500000000000007,-2.09,34689.04,98586.233
600754.SH,2019-04-19,25.54,26.24,25.49,25.71,25.71,0.0,0.0,29461.95,83204.935
600754.SH,2019-04-22,25.71,25.94,24.75,25.13,25.71,-0.5800000000000018,-2.26,56523.32,156281.96
600754.SH,2019-04-23,25.29,25.33,24.25,24.48,25.13,-0.6499999999999986,-2.59,62084.6,167683.098
600754.SH,2019-04-24,24.57,24.89,24.04,24.88,24.48,0.3999999999999986,1.63,43991.28,118154.28
600754.SH,2019-04-25,24.83,24.83,23.89,24.04,24.88,-0.8399999999999999,-3.38,51068.59,135518.553
600754.SH,2019-04-26,23.97,23.97,23.32,23.47,24.04,-0.5700000000000003,-2.37,47389.61,122424.225
600754.SH,2019-04-29,23.38,24.34,23.35,23.84,23.47,0.370000000000001,1.58,37900.06,99715.178
600754.SH,2019-04-30,23.96,24.81,23.85,24.59,23.84,0.75,3.15,59830.32,159883.954
600754.SH,2019-05-06,23.7,23.96,22.99,23.79,24.59,-0.8000000000000007,-3.25,49848.43,128287.692
600754.SH,2019-05-07,23.53,23.84,22.83,23.07,23.79,-0.7199999999999989,-3.03,50310.16,127987.122
600754.SH,2019-05-08,22.79,23.53,22.41,22.81,23.07,-0.26000000000000156,-1.13,29319.52,73959.942
600754.SH,2019-05-09,22.77,22.94,22.15,22.24,22.81,-0.5700000000000003,-2.5,25260.0,61982.306
600754.SH,2019-05-10,22.43,23.89,22.22,23.38,22.24,1.1400000000000006,5.13,46191.19,116799.536
600754.SH,2019-05-13,23.1,23.32,22.34,22.83,23.38,-0.5500000000000007,-2.35,38797.72,97087.549
600754.SH,2019-05-14,22.5,22.72,22.17,22.41,22.83,-0.41999999999999815,-1.84,26108.2,64190.15
600754.SH,2019-05-15,22.45,23.05,22.45,22.96,22.41,0.5500000000000007,2.45,24606.28,61591.7
600754.SH,2019-05-16,22.84,23.15,22.61,23.01,22.96,0.05000000000000071,0.22,15286.67,38402.1
600754.SH,2019-05-17,22.96,23.07,22.34,22.39,23.01,-0.620000000000001,-2.69,18064.47,44796.151
600754.SH,2019-05-20,22.41,22.6,21.72,21.88,22.39,-0.5100000000000016,-2.28,18236.62,43783.265
600754.SH,2019-05-21,21.83,23.03,21.83,22.76,21.88,0.8800000000000026,4.02,39865.19,99054.834
600754.SH,2019-05-22,22.71,23.29,22.46,23.18,22.76,0.41999999999999815,1.85,36907.26,93315.749
600754.SH,2019-05-23,23.18,23.18,22.58,22.59,23.18,-0.5899999999999999,-2.55,29236.24,72960.637
600754.SH,2019-05-24,22.61,22.9,22.2,22.8,22.59,0.21000000000000085,0.93,25043.47,62026.18
600754.SH,2019-05-27,22.75,23.07,22.52,22.96,22.8,0.16000000000000014,0.7,16478.1,41314.389
600754.SH,2019-05-28,22.96,23.13,22.63,22.71,22.96,-0.25,-1.09,23941.24,60178.317
600754.SH,2019-05-29,22.69,22.85,22.55,22.7,22.71,-0.010000000000001563,-0.04,13716.17,34209.936
600754.SH,2019-05-30,22.65,23.25,22.44,22.75,22.7,0.05000000000000071,0.22,25941.75,64667.311
600754.SH,2019-05-31,22.76,22.81,22.45,22.52,22.75,-0.23000000000000043,-1.01,18981.15,46993.188
600754.SH,2019-06-03,22.53,22.64,21.74,22.06,22.52,-0.46000000000000085,-2.04,24863.04,60130.987
600754.SH,2019-06-04,22.06,22.31,21.77,21.86,22.06,-0.1999999999999993,-0.91,18279.49,44018.499
600754.SH,2019-06-05,21.99,22.24,21.77,21.84,21.86,-0.019999999999999574,-0.09,18420.34,44266.693
600754.SH,2019-06-06,21.88,21.97,20.89,21.16,21.84,-0.6799999999999997,-3.11,25004.62,58446.929
600754.SH,2019-06-10,21.16,21.68,20.99,21.54,21.16,0.379999999999999,1.8,21764.99,51214.548
600754.SH,2019-06-11,21.48,22.61,21.3,22.09,21.54,0.5500000000000007,2.55,40880.59,96919.952
600754.SH,2019-06-12,22.44,22.73,22.1,22.53,22.09,0.4400000000000013,1.99,33510.02,80494.707
600754.SH,2019-06-13,22.45,22.65,22.15,22.45,22.53,-0.08000000000000185,-0.36,16637.55,39820.141
600754.SH,2019-06-14,22.45,22.63,22.16,22.18,22.45,-0.2699999999999996,-1.2,20460.78,48948.396
600754.SH,2019-06-17,22.4,22.44,21.51,22.0,22.18,-0.17999999999999972,-0.81,33916.59,79080.919
600754.SH,2019-06-18,22.02,22.13,21.7,21.84,22.0,-0.16000000000000014,-0.73,18185.64,42506.324
600754.SH,2019-06-19,22.32,23.17,22.32,22.8,21.84,0.9600000000000009,4.4,49735.7,121533.586
600754.SH,2019-06-20,22.82,23.38,22.65,23.24,22.8,0.4399999999999977,1.93,49159.65,121747.911
600754.SH,2019-06-21,23.21,23.82,23.15,23.19,23.24,-0.04999999999999716,-0.22,35489.26,89141.91
600754.SH,2019-06-24,23.38,23.66,23.19,23.48,23.19,0.28999999999999915,1.25,18362.88,45938.202
600754.SH,2019-06-25,23.23,23.56,22.71,23.39,23.48,-0.08999999999999986,-0.38,26990.91,66505.261
600754.SH,2019-06-26,22.96,23.13,22.15,22.25,23.39,-1.1400000000000006,-4.87,67002.0,160088.839
600754.SH,2019-06-27,22.21,23.54,22.18,23.43,22.25,1.1799999999999997,5.3,70422.31,173776.719
600754.SH,2019-06-28,23.85,23.85,22.82,23.04,23.43,-0.39000000000000057,-1.66,36446.35,90038.109
600754.SH,2019-07-01,23.41,24.64,23.4,24.57,23.04,1.5300000000000011,6.64,61339.18,159278.064
600754.SH,2019-07-02,24.32,24.95,24.29,24.67,24.57,0.10000000000000142,0.41,36167.11,95318.395
600754.SH,2019-07-03,24.63,24.8,24.18,24.51,24.67,-0.16000000000000014,-0.65,25891.68,67850.42
600754.SH,2019-07-04,24.55,24.63,24.16,24.31,24.51,-0.20000000000000284,-0.82,22340.25,58054.978
600754.SH,2019-07-05,24.45,24.73,24.04,24.41,24.31,0.10000000000000142,0.41,34343.9,89459.724
600754.SH,2019-07-08,24.22,24.5,23.19,23.62,24.41,-0.7899999999999991,-3.24,39396.34,99655.029
600754.SH,2019-07-09,23.82,23.82,23.27,23.46,23.62,-0.16000000000000014,-0.68,22023.16,55395.349
600754.SH,2019-07-10,23.64,23.68,23.18,23.31,23.46,-0.15000000000000213,-0.64,15968.66,39990.865
600754.SH,2019-07-11,23.48,23.5,22.95,23.19,23.31,-0.11999999999999744,-0.51,15544.87,38599.257
600754.SH,2019-07-12,23.02,23.33,22.66,22.83,23.19,-0.360000000000003,-1.55,31300.83,76507.299
600754.SH,2019-07-15,22.83,23.25,22.18,23.16,22.83,0.33000000000000185,1.45,26714.4,65098.612
600754.SH,2019-07-16,23.0,23.19,22.85,22.95,23.16,-0.21000000000000085,-0.91,8885.6,21878.242
600754.SH,2019-07-17,23.12,23.18,22.68,22.75,22.95,-0.1999999999999993,-0.87,14179.98,34647.901
600754.SH,2019-07-18,22.52,22.69,21.99,22.03,22.75,-0.7199999999999989,-3.16,24252.14,57797.049
600754.SH,2019-07-19,22.25,22.87,22.17,22.73,22.03,0.6999999999999993,3.18,24096.1,58332.017
600754.SH,2019-07-22,22.47,22.86,22.21,22.37,22.73,-0.35999999999999943,-1.58,19056.53,45664.632
600754.SH,2019-07-23,22.38,22.59,22.16,22.32,22.37,-0.05000000000000071,-0.22,14481.63,34483.335
600754.SH,2019-07-24,22.33,22.74,22.29,22.65,22.32,0.3299999999999983,1.48,17837.3,43113.1
600754.SH,2019-07-25,22.57,22.98,22.49,22.91,22.65,0.26000000000000156,1.15,18378.51,44781.955
600754.SH,2019-07-26,22.9,22.92,22.69,22.82,22.91,-0.08999999999999986,-0.39,10160.05,24769.565
600754.SH,2019-07-29,22.92,23.03,22.68,22.74,22.82,-0.08000000000000185,-0.35,12381.78,30226.787
600754.SH,2019-07-30,22.94,23.18,22.45,22.83,22.74,0.08999999999999986,0.4,17963.6,44079.705
600754.SH,2019-07-31,22.91,23.02,22.42,22.57,22.83,-0.259999999999998,-1.14,22528.09,54660.58
600754.SH,2019-08-01,22.61,22.94,22.55,22.8,22.57,0.23000000000000043,1.02,18642.08,45421.141
600754.SH,2019-08-02,22.23,22.5,22.08,22.34,22.8,-0.46000000000000085,-2.02,18451.6,43898.949
600754.SH,2019-08-05,22.34,22.53,22.06,22.09,22.34,-0.25,-1.12,16187.17,38599.103
600754.SH,2019-08-06,21.84,22.29,21.29,21.67,22.09,-0.41999999999999815,-1.9,24506.96,56653.635
600754.SH,2019-08-07,21.71,21.88,21.45,21.49,21.67,-0.18000000000000327,-0.83,9837.0,22705.018
600754.SH,2019-08-08,21.46,22.03,21.4,21.89,21.49,0.40000000000000213,1.86,15118.4,35254.097
600754.SH,2019-08-09,22.05,22.31,21.77,21.81,21.89,-0.08000000000000185,-0.37,14134.98,33228.436
600754.SH,2019-08-12,21.74,22.07,21.63,22.03,21.81,0.22000000000000242,1.01,8497.06,19906.54
600754.SH,2019-08-13,22.03,22.25,21.94,22.05,22.03,0.019999999999999574,0.09,8428.9,19885.953
600754.SH,2019-08-14,22.26,22.59,22.08,22.2,22.05,0.14999999999999858,0.68,14167.12,33785.063
600754.SH,2019-08-15,21.95,22.16,21.68,22.01,22.2,-0.18999999999999773,-0.86,12636.98,29664.073
600754.SH,2019-08-16,22.17,22.32,22.02,22.17,22.01,0.16000000000000014,0.73,12857.0,30446.92
600754.SH,2019-08-19,22.35,22.84,22.24,22.72,22.17,0.5499999999999972,2.48,31144.76,75276.974
600754.SH,2019-08-20,22.75,22.96,22.16,22.31,22.72,-0.41000000000000014,-1.8,27869.51,66837.898
600754.SH,2019-08-21,22.22,22.26,21.99,22.06,22.31,-0.25,-1.12,24762.32,58446.057
600754.SH,2019-08-22,22.06,22.19,21.84,22.0,22.06,-0.05999999999999872,-0.27,18831.95,44188.922
600754.SH,2019-08-23,21.98,22.04,21.58,21.7,22.0,-0.3000000000000007,-1.36,28743.63,66776.069
600754.SH,2019-08-26,21.27,21.5,21.04,21.2,21.7,-0.5,-2.3,32542.71,73769.674
600754.SH,2019-08-27,21.21,21.62,21.21,21.46,21.2,0.26000000000000156,1.23,26219.52,60094.959
600754.SH,2019-08-28,21.41,22.44,21.41,22.03,21.46,0.5700000000000003,2.66,47767.87,112435.244
600754.SH,2019-08-29,22.02,22.63,21.82,22.44,22.03,0.41000000000000014,1.86,44808.69,107181.593
600754.SH,2019-08-30,22.67,22.83,22.34,22.47,22.44,0.029999999999997584,0.13,32800.85,79053.49
600754.SH,2019-09-02,22.45,22.68,22.18,22.34,22.47,-0.129999999999999,-0.58,53568.91,128093.061
600754.SH,2019-09-03,22.41,22.44,22.05,22.3,22.34,-0.03999999999999915,-0.18,30119.81,71529.833
600754.SH,2019-09-04,22.17,22.55,22.08,22.43,22.3,0.129999999999999,0.58,46547.82,111451.233
600754.SH,2019-09-05,22.82,23.14,22.52,22.59,22.43,0.16000000000000014,0.71,58663.76,143357.198
600754.SH,2019-09-06,22.54,22.77,22.45,22.61,22.59,0.019999999999999574,0.09,25415.6,61462.522
600754.SH,2019-09-09,22.75,23.54,22.56,23.38,22.61,0.7699999999999996,3.41,61446.57,152731.771
600754.SH,2019-09-10,23.22,23.47,23.04,23.15,23.38,-0.23000000000000043,-0.98,28023.49,69484.801
600754.SH,2019-09-11,23.23,23.29,22.85,22.96,23.15,-0.18999999999999773,-0.82,28413.05,69815.749
600754.SH,2019-09-12,22.97,23.14,22.68,22.96,22.96,0.0,0.0,36007.46,87887.36
600754.SH,2019-09-16,23.05,23.05,22.63,22.73,22.96,-0.23000000000000043,-1.0,33419.64,81322.659
600754.SH,2019-09-17,22.74,22.79,22.17,22.3,22.73,-0.4299999999999997,-1.89,30277.24,72543.564
600754.SH,2019-09-18,22.3,22.45,22.18,22.26,22.3,-0.03999999999999915,-0.18,20274.69,48345.417
600754.SH,2019-09-19,22.35,22.68,22.21,22.61,22.26,0.34999999999999787,1.57,29986.62,72226.515
600754.SH,2019-09-20,22.61,22.84,22.47,22.61,22.61,0.0,0.0,44447.51,107867.255
600754.SH,2019-09-23,22.65,22.7,22.01,22.24,22.61,-0.370000000000001,-1.64,32089.97,76163.246
600754.SH,2019-09-24,22.24,22.26,21.91,22.01,22.24,-0.22999999999999687,-1.03,29872.44,70485.973
600754.SH,2019-09-25,22.01,22.03,21.71,21.77,22.01,-0.240000000000002,-1.09,24045.56,56101.509
600754.SH,2019-09-26,21.77,21.95,21.58,21.71,21.77,-0.05999999999999872,-0.28,21571.57,50116.561
600754.SH,2019-09-27,21.59,21.73,21.46,21.73,21.71,0.019999999999999574,0.09,22555.9,52064.099
600754.SH,2019-09-30,21.71,21.85,21.53,21.65,21.73,-0.08000000000000185,-0.37,16885.22,39242.977
600754.SH,2019-10-08,21.84,21.84,21.51,21.55,21.65,-0.09999999999999787,-0.46,19640.12,45366.375
600754.SH,2019-10-09,21.42,21.42,21.1,21.15,21.55,-0.40000000000000213,-1.86,25176.24,57031.874
600754.SH,2019-10-10,21.17,21.45,21.16,21.43,21.15,0.28000000000000114,1.32,21281.94,48508.158
600754.SH,2019-10-11,21.49,21.59,21.31,21.42,21.43,-0.00999999999999801,-0.05,17724.62,40685.27
600754.SH,2019-10-14,21.53,22.12,21.53,21.96,21.42,0.5399999999999991,2.52,57911.68,135930.136
600754.SH,2019-10-15,22.01,22.07,21.77,21.87,21.96,-0.08999999999999986,-0.41,19039.74,44589.34
600754.SH,2019-10-16,21.92,21.96,21.78,21.81,21.87,-0.060000000000002274,-0.27,19526.6,45655.731
600754.SH,2019-10-17,21.89,21.91,21.6,21.75,21.81,-0.05999999999999872,-0.28,14196.94,33057.024
600754.SH,2019-10-18,21.77,21.88,21.24,21.39,21.75,-0.35999999999999943,-1.66,22149.12,50816.764
600754.SH,2019-10-21,21.22,21.36,21.07,21.1,21.39,-0.28999999999999915,-1.36,16430.45,37220.331
600754.SH,2019-10-22,21.15,21.28,20.98,21.23,21.1,0.129999999999999,0.62,14088.61,31814.723
600754.SH,2019-10-23,21.29,21.29,21.02,21.05,21.23,-0.17999999999999972,-0.85,10867.0,24524.846
600754.SH,2019-10-24,21.12,21.12,20.51,20.57,21.05,-0.4800000000000004,-2.28,35045.0,77431.094
600754.SH,2019-10-25,20.57,20.73,20.35,20.63,20.57,0.05999999999999872,0.29,16974.76,37378.446
600754.SH,2019-10-28,20.66,20.96,20.61,20.72,20.63,0.08999999999999986,0.44,22878.56,50714.889
600754.SH,2019-10-29,20.81,20.81,20.39,20.39,20.72,-0.3299999999999983,-1.59,25414.57,55887.778
600754.SH,2019-10-30,20.52,20.79,19.83,20.01,20.39,-0.379999999999999,-1.86,46625.74,100985.311
600754.SH,2019-10-31,20.2,21.09,20.2,20.9,20.01,0.889999999999997,4.45,62900.28,139960.744
600754.SH,2019-11-01,20.88,21.01,20.51,20.99,20.9,0.08999999999999986,0.43,34172.24,75863.178
600754.SH,2019-11-04,20.99,21.81,20.96,21.51,20.99,0.5200000000000031,2.48,51171.47,117783.054
600754.SH,2019-11-05,21.58,22.2,21.58,21.98,21.51,0.46999999999999886,2.19,55396.59,129974.623
600754.SH,2019-11-06,21.96,22.32,21.89,21.94,21.98,-0.03999999999999915,-0.18,44082.5,104154.005
600754.SH,2019-11-07,21.79,22.42,21.75,22.21,21.94,0.2699999999999996,1.23,36320.66,86332.566
600754.SH,2019-11-08,22.41,22.51,21.89,22.03,22.21,-0.17999999999999972,-0.81,36294.19,86237.489
600754.SH,2019-11-11,22.1,22.15,21.77,21.85,22.03,-0.17999999999999972,-0.82,27063.25,63506.298
600754.SH,2019-11-12,21.71,21.94,21.6,21.72,21.85,-0.13000000000000256,-0.59,18229.98,42358.266
600754.SH,2019-11-13,21.88,21.88,21.33,21.54,21.72,-0.17999999999999972,-0.83,22457.54,51634.271
600754.SH,2019-11-14,21.51,21.69,21.1,21.23,21.54,-0.3099999999999987,-1.44,19619.46,44642.398
600754.SH,2019-11-15,21.23,21.42,21.02,21.02,21.23,-0.21000000000000085,-0.99,18375.13,41475.834
600754.SH,2019-11-18,20.86,22.15,20.8,21.94,21.02,0.9200000000000017,4.38,36905.14,85312.215
600754.SH,2019-11-19,22.07,22.13,21.79,22.03,21.94,0.08999999999999986,0.41,40369.56,94876.518
600754.SH,2019-11-20,22.06,22.45,21.96,22.18,22.03,0.14999999999999858,0.68,36351.24,86648.522
600754.SH,2019-11-21,22.31,22.37,21.89,21.99,22.18,-0.19000000000000128,-0.86,14357.88,33916.021
600754.SH,2019-11-22,21.96,22.6,21.74,22.03,21.99,0.0400000000000027,0.18,30435.24,71997.804
600754.SH,2019-11-25,21.85,22.29,21.63,22.22,22.03,0.18999999999999773,0.86,19986.69,47230.864
600754.SH,2019-11-26,22.33,22.73,22.13,22.13,22.22,-0.08999999999999986,-0.41,54142.93,129749.385
600754.SH,2019-11-27,22.32,22.86,22.14,22.53,22.13,0.40000000000000213,1.81,36839.49,88908.35
600754.SH,2019-11-28,22.53,22.56,22.17,22.26,22.53,-0.2699999999999996,-1.2,20798.08,49650.239
600754.SH,2019-11-29,22.12,22.55,22.09,22.52,22.26,0.259999999999998,1.17,31569.3,75437.942
600754.SH,2019-12-02,22.63,23.54,22.54,22.9,22.52,0.379999999999999,1.69,76031.56,187414.775
600754.SH,2019-12-03,22.73,23.08,22.73,23.08,22.9,0.17999999999999972,0.79,18331.72,44981.487
600754.SH,2019-12-04,22.93,23.26,22.84,22.96,23.08,-0.11999999999999744,-0.52,24384.03,60006.966
600754.SH,2019-12-05,23.16,23.65,23.1,23.5,22.96,0.5399999999999991,2.35,55807.77,140017.473
600754.SH,2019-12-06,23.6,24.01,23.47,23.82,23.5,0.3200000000000003,1.36,32353.75,82229.054
600754.SH,2019-12-09,23.85,24.07,23.49,23.62,23.82,-0.1999999999999993,-0.84,18544.31,47116.674
600754.SH,2019-12-10,23.49,23.72,23.26,23.42,23.62,-0.1999999999999993,-0.85,18996.6,47581.703
600754.SH,2019-12-11,23.36,23.55,23.12,23.47,23.42,0.04999999999999716,0.21,22370.33,55856.491
600754.SH,2019-12-12,23.48,23.55,23.13,23.3,23.47,-0.16999999999999815,-0.72,17211.7,42934.294
600754.SH,2019-12-13,23.57,24.9,23.51,24.69,23.3,1.3900000000000006,5.97,97077.13,252031.562
600754.SH,2019-12-16,24.86,25.02,24.43,24.82,24.69,0.129999999999999,0.53,44437.19,117507.283
600754.SH,2019-12-17,24.77,26.51,24.67,26.08,24.82,1.259999999999998,5.08,75228.44,207377.623
600754.SH,2019-12-18,26.14,26.56,25.65,25.75,26.08,-0.3299999999999983,-1.27,33314.57,92684.306
600754.SH,2019-12-19,25.75,25.95,25.33,25.61,25.75,-0.14000000000000057,-0.54,26727.87,73259.592
600754.SH,2019-12-20,25.61,27.22,25.44,26.75,25.61,1.1400000000000006,4.45,49891.55,141780.381
600754.SH,2019-12-23,26.65,27.87,25.7,26.08,26.75,-0.6700000000000017,-2.5,76855.0,218213.293
600754.SH,2019-12-24,26.0,27.03,25.59,26.9,26.08,0.8200000000000003,3.14,33943.99,96489.551
600754.SH,2019-12-25,26.76,27.68,26.48,27.45,26.9,0.5500000000000007,2.04,38405.14,112151.445
600754.SH,2019-12-26,27.38,28.01,27.01,27.41,27.45,-0.03999999999999915,-0.15,32595.14,95905.253
600754.SH,2019-12-27,27.59,27.59,27.12,27.28,27.41,-0.129999999999999,-0.47,23039.85,67334.174
600754.SH,2019-12-30,27.32,27.84,26.84,27.3,27.28,0.019999999999999574,0.07,32292.27,94144.969
600754.SH,2019-12-31,27.2,27.41,26.59,26.85,27.3,-0.4499999999999993,-1.65,42065.65,120834.115
600754.SH,2020-01-02,27.11,27.4,26.27,26.65,26.85,-0.20000000000000284,-0.74,62319.66,177179.603
600754.SH,2020-01-03,26.75,27.1,26.45,26.68,26.65,0.030000000000001137,0.11,45106.99,129112.326
600754.SH,2020-01-06,26.51,26.96,26.16,26.58,26.68,-0.10000000000000142,-0.37,27263.12,77229.454
600754.SH,2020-01-07,26.41,27.29,26.41,27.13,26.58,0.5500000000000007,2.07,33052.5,95558.023
600754.SH,2020-01-08,27.13,27.22,26.48,26.86,27.13,-0.2699999999999996,-1.0,22752.01,65514.964
600754.SH,2020-01-09,26.97,27.55,26.97,27.21,26.86,0.3500000000000014,1.3,24187.08,70437.008
600754.SH,2020-01-10,27.13,27.55,26.96,27.39,27.21,0.17999999999999972,0.66,17908.0,52225.802
600754.SH,2020-01-13,27.18,27.94,26.79,27.83,27.39,0.4399999999999977,1.61,37502.94,110676.464
600754.SH,2020-01-14,28.06,28.06,27.45,27.57,27.83,-0.259999999999998,-0.93,11425.09,33839.32
600754.SH,2020-01-15,27.46,27.73,27.18,27.46,27.57,-0.10999999999999943,-0.4,12006.2,35254.358
600754.SH,2020-01-16,28.06,28.06,26.96,27.18,27.46,-0.28000000000000114,-1.02,20914.56,60890.263
600754.SH,2020-01-17,27.27,27.74,26.92,27.71,27.18,0.5300000000000011,1.95,23621.36,69150.819
600754.SH,2020-01-20,27.12,27.12,24.94,26.02,27.71,-1.6900000000000013,-6.1,172732.39,476016.799
600754.SH,2020-01-21,25.72,26.31,24.57,24.83,26.02,-1.1900000000000013,-4.57,127569.42,345105.3
600754.SH,2020-01-22,24.79,26.14,24.51,25.72,24.83,0.8900000000000006,3.58,88782.35,241425.187
600754.SH,2020-01-23,24.5,25.9,23.74,24.36,25.72,-1.3599999999999994,-5.29,79391.55,208760.402
600754.SH,2020-02-03,21.93,22.36,21.93,22.0,24.36,-2.3599999999999994,-9.69,88263.06,207257.932
600754.SH,2020-02-04,22.43,23.57,22.4,22.92,22.0,0.9200000000000017,4.18,101973.84,250905.858
600754.SH,2020-02-05,22.99,23.5,22.31,22.49,22.92,-0.43000000000000327,-1.88,108704.81,264201.96
600754.SH,2020-02-06,22.62,23.01,21.62,22.77,22.49,0.28000000000000114,1.24,106574.62,254807.548
600754.SH,2020-02-07,22.73,24.43,22.45,24.05,22.77,1.2800000000000011,5.62,152656.19,385115.71
600754.SH,2020-02-10,23.85,24.08,23.16,23.53,24.05,-0.5199999999999996,-2.16,94171.86,237369.973
600754.SH,2020-02-11,23.53,24.1,23.49,23.78,23.53,0.25,1.06,69117.62,175323.756
600754.SH,2020-02-12,23.74,24.8,23.56,24.69,23.78,0.9100000000000001,3.83,75940.48,197434.358
600754.SH,2020-02-13,24.47,24.58,23.94,24.18,24.69,-0.5100000000000016,-2.07,50262.27,130004.743
600754.SH,2020-02-14,24.22,24.94,23.87,24.76,24.18,0.5800000000000018,2.4,73725.85,194393.187
600754.SH,2020-02-17,24.77,25.33,24.6,24.94,24.76,0.17999999999999972,0.73,43916.44,117073.997
600754.SH,2020-02-18,25.11,25.22,24.46,25.0,24.94,0.05999999999999872,0.24,71688.77,190393.359
600754.SH,2020-02-19,24.69,26.89,24.6,26.37,25.0,1.370000000000001,5.48,74880.01,207735.925
600754.SH,2020-02-20,26.53,28.84,26.0,27.81,26.37,1.4399999999999977,5.46,131782.25,390783.77
600754.SH,2020-02-21,27.87,27.9,26.94,27.68,27.81,-0.129999999999999,-0.47,77165.59,225887.625
600754.SH,2020-02-24,26.96,27.4,25.61,26.39,27.68,-1.2899999999999991,-4.66,77849.16,217654.435
600754.SH,2020-02-25,25.59,26.82,25.59,26.59,26.39,0.1999999999999993,0.76,41670.61,116993.767
600754.SH,2020-02-26,26.14,27.42,26.14,26.8,26.59,0.21000000000000085,0.79,71808.2,207087.977
600754.SH,2020-02-27,27.01,28.26,26.8,27.1,26.8,0.3000000000000007,1.12,76303.44,224781.582
600754.SH,2020-02-28,26.64,27.58,25.79,26.45,27.1,-0.6500000000000021,-2.4,52656.1,149072.957
600754.SH,2020-03-02,26.38,28.84,26.21,27.97,26.45,1.5199999999999996,5.75,92985.0,278029.964
600754.SH,2020-03-03,28.24,28.29,26.86,27.31,27.97,-0.6600000000000001,-2.36,54963.02,162505.572
600754.SH,2020-03-04,27.05,27.4,26.68,27.38,27.31,0.07000000000000028,0.26,31189.64,90192.014
600754.SH,2020-03-05,27.65,28.53,26.85,28.06,27.38,0.6799999999999997,2.48,46599.9,137893.247
600754.SH,2020-03-06,27.72,27.75,27.03,27.5,28.06,-0.5599999999999987,-2.0,31270.76,91479.661
600754.SH,2020-03-09,27.04,27.04,26.1,26.16,27.5,-1.3399999999999999,-4.87,35022.33,99032.658
600754.SH,2020-03-10,26.0,27.39,25.72,27.11,26.16,0.9499999999999993,3.63,31796.2,90898.041
600754.SH,2020-03-11,26.95,27.87,26.66,27.67,27.11,0.5600000000000023,2.07,48331.19,140515.29
600754.SH,2020-03-12,27.01,27.54,26.39,27.02,27.67,-0.6500000000000021,-2.35,30394.34,87429.323
600754.SH,2020-03-13,26.11,26.66,24.83,26.08,27.02,-0.9400000000000013,-3.48,63307.21,174872.983
600754.SH,2020-03-16,26.09,26.09,24.13,24.24,26.08,-1.8399999999999999,-7.06,71816.37,190538.267
600754.SH,2020-03-17,24.24,24.94,23.1,23.71,24.24,-0.5299999999999976,-2.19,68929.31,174451.758
600754.SH,2020-03-18,24.13,24.69,23.2,23.22,23.71,-0.490000000000002,-2.07,54198.89,139220.996
600754.SH,2020-03-19,23.22,24.19,22.57,23.08,23.22,-0.14000000000000057,-0.6,40878.14,101807.854
600754.SH,2020-03-20,23.24,23.87,22.77,23.74,23.08,0.6600000000000001,2.86,39481.68,98348.033
600754.SH,2020-03-23,23.2,23.37,22.6,22.62,23.74,-1.1199999999999974,-4.72,30958.44,76091.16
600754.SH,2020-03-24,23.02,24.13,22.8,23.56,22.62,0.9399999999999977,4.16,40798.08,102634.618
600754.SH,2020-03-25,24.07,24.45,23.62,24.14,23.56,0.5800000000000018,2.46,35240.17,90641.276
600754.SH,2020-03-26,23.99,24.03,23.3,23.62,24.14,-0.5199999999999996,-2.15,34919.83,88367.987
600754.SH,2020-03-27,23.69,23.92,23.39,23.5,23.62,-0.120000000000001,-0.51,21530.6,54295.494
600754.SH,2020-03-30,23.38,23.38,21.79,22.53,23.5,-0.9699999999999989,-4.13,53606.92,127912.798
600754.SH,2020-03-31,22.67,22.92,22.07,22.51,22.53,-0.019999999999999574,-0.09,30780.98,73484.628
600754.SH,2020-04-01,22.33,23.04,21.98,22.3,22.51,-0.21000000000000085,-0.93,28375.8,68035.215
600754.SH,2020-04-02,22.17,22.46,22.13,22.46,22.3,0.16000000000000014,0.72,19932.87,47519.489
600754.SH,2020-04-03,22.45,23.43,22.26,23.27,22.46,0.8099999999999987,3.61,45951.21,112895.507
600754.SH,2020-04-07,23.64,24.4,23.57,23.73,23.27,0.46000000000000085,1.98,44835.86,114629.664
600754.SH,2020-04-08,24.03,24.71,23.45,24.32,23.73,0.5899999999999999,2.49,35671.98,92372.916
600754.SH,2020-04-09,24.33,24.46,23.96,24.4,24.32,0.0799999999999983,0.33,23954.98,62155.498
600754.SH,2020-04-10,24.39,24.79,23.87,24.06,24.4,-0.33999999999999986,-1.39,26210.62,68092.442
600754.SH,2020-04-13,24.14,24.14,23.2,23.3,24.06,-0.759999999999998,-3.16,18671.39,46855.956
600754.SH,2020-04-14,23.52,23.7,22.97,23.56,23.3,0.259999999999998,1.12,27525.26,68344.912
600754.SH,2020-04-15,23.62,23.62,23.06,23.21,23.56,-0.34999999999999787,-1.49,20681.77,51490.39
600754.SH,2020-04-16,23.21,23.35,22.99,23.25,23.21,0.03999999999999915,0.17,11741.47,29132.276
600754.SH,2020-04-17,23.46,25.58,23.35,24.73,23.25,1.4800000000000004,6.37,74833.51,198056.265
600754.SH,2020-04-20,24.62,25.32,24.41,24.65,24.73,-0.08000000000000185,-0.32,36171.47,95719.221
600754.SH,2020-04-21,24.84,24.84,23.69,24.17,24.65,-0.4799999999999969,-1.95,32508.1,83439.73
600754.SH,2020-04-22,23.88,24.54,23.63,24.54,24.17,0.36999999999999744,1.53,23991.93,62184.879
600754.SH,2020-04-23,24.41,24.76,24.18,24.25,24.54,-0.28999999999999915,-1.18,17561.09,45739.226
600754.SH,2020-04-24,24.22,25.23,24.15,24.74,24.25,0.48999999999999844,2.02,37585.33,99078.354
600754.SH,2020-04-27,24.75,25.24,24.51,25.07,24.74,0.33000000000000185,1.33,26915.05,71871.912
600754.SH,2020-04-28,25.07,25.63,24.34,25.25,25.07,0.17999999999999972,0.72,38652.48,103703.676
600754.SH,2020-04-29,24.98,27.03,24.98,26.0,25.25,0.75,2.97,56383.3,157389.6
600754.SH,2020-04-30,26.66,28.06,26.66,27.42,26.0,1.4200000000000017,5.46,100673.72,296532.44
600754.SH,2020-05-06,27.06,27.06,26.01,26.25,27.42,-1.1700000000000017,-4.27,77365.05,217780.745
600754.SH,2020-05-07,26.24,26.89,25.83,26.73,26.25,0.4800000000000004,1.83,57621.66,163129.788
600754.SH,2020-05-08,26.67,26.71,26.22,26.34,26.73,-0.39000000000000057,-1.46,42189.56,119113.047
600754.SH,2020-05-11,26.32,26.6,25.44,25.65,26.34,-0.6900000000000013,-2.62,39764.67,109983.025
600754.SH,2020-05-12,25.73,25.89,25.51,25.74,25.65,0.08999999999999986,0.35,24205.91,66476.027
600754.SH,2020-05-13,25.81,26.38,25.29,26.33,25.74,0.5899999999999999,2.29,46838.65,130149.157
600754.SH,2020-05-14,26.03,26.37,25.67,26.08,26.33,-0.25,-0.95,26421.9,73493.755
600754.SH,2020-05-15,26.19,26.35,25.53,25.83,26.08,-0.25,-0.96,29551.09,81741.96
600754.SH,2020-05-18,26.0,26.12,25.5,25.94,25.83,0.11000000000000298,0.43,39555.01,109054.023
600754.SH,2020-05-19,26.66,27.12,26.43,26.86,25.94,0.9199999999999982,3.55,51120.6,146415.976
600754.SH,2020-05-20,26.84,27.34,26.28,26.53,26.86,-0.3299999999999983,-1.23,28864.02,82309.875
600754.SH,2020-05-21,26.73,27.25,26.42,26.46,26.53,-0.07000000000000028,-0.26,37664.44,108055.997
600754.SH,2020-05-22,26.53,26.82,25.95,25.98,26.46,-0.4800000000000004,-1.81,29111.64,81875.025
600754.SH,2020-05-25,25.98,26.24,25.16,25.36,25.98,-0.620000000000001,-2.39,30815.8,83992.003
600754.SH,2020-05-26,25.44,25.67,25.16,25.36,25.36,0.0,0.0,35688.31,96692.909
600754.SH,2020-05-27,25.4,26.14,24.84,25.77,25.36,0.41000000000000014,1.62,45506.29,123345.059
600754.SH,2020-05-28,25.78,25.95,25.0,25.77,25.77,0.0,0.0,38428.0,104971.241
600754.SH,2020-05-29,25.84,26.09,25.43,25.5,25.77,-0.2699999999999996,-1.05,44756.97,122980.778
600754.SH,2020-06-01,25.78,27.28,25.7,26.7,25.5,1.1999999999999993,4.71,75623.51,215444.843
600754.SH,2020-06-02,26.7,27.25,25.29,25.62,26.7,-1.0799999999999983,-4.04,79442.03,219178.711
600754.SH,2020-06-03,25.62,25.8,25.07,25.17,25.62,-0.4499999999999993,-1.76,56650.96,153560.849
600754.SH,2020-06-04,25.25,25.49,25.08,25.35,25.17,0.17999999999999972,0.72,33466.19,90418.453
600754.SH,2020-06-05,25.35,25.59,25.01,25.51,25.35,0.16000000000000014,0.63,55438.13,150068.636
600754.SH,2020-06-08,25.81,28.06,25.81,28.06,25.51,2.549999999999997,10.0,185111.95,545393.721
600754.SH,2020-06-09,28.31,28.76,27.81,28.24,28.06,0.17999999999999972,0.64,116365.54,352227.526
600754.SH,2020-06-10,28.6,28.71,27.91,28.29,28.24,0.05000000000000071,0.18,63114.48,190490.995
600754.SH,2020-06-11,28.51,28.51,27.58,27.58,28.29,-0.7100000000000009,-2.51,61006.18,182474.356
600754.SH,2020-06-12,26.78,28.21,26.68,28.19,27.58,0.610000000000003,2.21,97396.77,280059.587
600754.SH,2020-06-15,27.21,27.4,25.78,25.99,28.19,-2.200000000000003,-7.8,158488.63,437837.55
600754.SH,2020-06-16,26.0,26.82,25.78,26.64,25.99,0.6500000000000021,2.5,55491.76,152960.262
600754.SH,2020-06-17,26.54,27.27,26.27,26.67,26.64,0.030000000000001137,0.11,51227.42,143368.85
600754.SH,2020-06-18,26.55,26.87,26.21,26.81,26.67,0.13999999999999702,0.52,28630.48,79698.264
600754.SH,2020-06-19,26.88,27.75,26.72,27.29,26.81,0.4800000000000004,1.79,43546.97,124512.541
600754.SH,2020-06-22,27.17,27.88,26.7,27.84,27.29,0.5500000000000007,2.02,48602.59,140085.379
600754.SH,2020-06-23,27.57,27.94,27.37,27.76,27.84,-0.0799999999999983,-0.29,33495.71,97029.419
600754.SH,2020-06-24,27.76,27.86,26.91,27.08,27.76,-0.6800000000000033,-2.45,44518.0,127252.152
600754.SH,2020-06-29,26.92,26.95,26.06,26.27,27.08,-0.8099999999999987,-2.99,50590.85,139519.796
600754.SH,2020-06-30,26.35,27.0,26.25,26.49,26.27,0.21999999999999886,0.84,46376.51,129420.233
600754.SH,2020-07-01,26.73,27.5,26.34,27.5,26.49,1.0100000000000016,3.81,56233.13,158392.346
600754.SH,2020-07-02,27.21,29.17,27.17,29.07,27.5,1.5700000000000003,5.71,111193.44,330170.394
600754.SH,2020-07-03,29.07,31.03,29.04,31.01,29.07,1.9400000000000013,6.67,126529.23,403998.404
600754.SH,2020-07-06,31.48,33.41,30.83,33.22,31.01,2.2099999999999973,7.13,125571.47,427164.858
600754.SH,2020-07-07,32.75,34.37,32.13,33.7,33.22,0.480000000000004,1.44,89661.46,307184.742
600754.SH,2020-07-08,32.84,33.4,32.04,32.79,33.7,-0.9100000000000037,-2.7,65267.74,223405.564
600754.SH,2020-07-09,32.65,33.32,32.35,32.82,32.79,0.030000000000001137,0.09,73240.76,251583.94
600754.SH,2020-07-10,32.67,33.61,32.28,32.84,32.82,0.020000000000003126,0.06,64263.8,222337.568
600754.SH,2020-07-13,32.85,33.28,32.63,33.03,32.84,0.18999999999999773,0.58,71612.23,247375.0
600754.SH,2020-07-14,32.79,34.18,32.38,33.39,33.03,0.35999999999999943,1.09,110016.39,383491.381
600754.SH,2020-07-15,35.32,36.73,35.32,36.73,33.39,3.3399999999999963,10.0,122570.44,469354.242
600754.SH,2020-07-16,35.32,36.29,33.05,34.89,36.73,-1.8399999999999963,-5.01,131699.88,484130.988
600754.SH,2020-07-17,33.93,38.39,33.68,37.18,34.89,2.289999999999999,6.56,94121.83,361570.867
600754.SH,2020-07-20,38.19,38.4,35.54,37.04,37.18,-0.14000000000000057,-0.38,95886.4,370431.139
600754.SH,2020-07-21,36.87,40.28,36.54,37.05,37.04,0.00999999999999801,0.03,114976.17,456912.46
600754.SH,2020-07-22,36.69,40.08,36.31,38.34,37.05,1.2900000000000063,3.48,95730.59,386793.544
600754.SH,2020-07-23,38.0,39.1,36.47,38.11,38.34,-0.23000000000000398,-0.6,62285.97,244022.931
600754.SH,2020-07-24,37.81,38.11,35.32,35.85,38.11,-2.259999999999998,-5.93,55526.84,212130.044
600754.SH,2020-07-27,35.96,37.18,35.36,35.74,35.85,-0.10999999999999943,-0.31,49587.72,187819.284
600754.SH,2020-07-28,35.84,38.74,35.6,38.07,35.74,2.3299999999999983,6.52,76749.32,303333.294
600754.SH,2020-07-29,38.13,38.33,37.4,38.01,38.07,-0.060000000000002274,-0.16,45284.03,179702.807
600754.SH,2020-07-30,38.13,38.82,36.28,37.89,38.01,-0.11999999999999744,-0.32,66222.21,257009.258
600754.SH,2020-07-31,37.28,38.67,36.26,37.67,37.89,-0.21999999999999886,-0.58,70700.62,279223.856
600754.SH,2020-08-03,37.51,38.62,37.24,37.93,37.67,0.259999999999998,0.69,44574.3,176978.685
600754.SH,2020-08-04,37.99,39.51,37.25,39.2,37.93,1.2700000000000031,3.35,65263.49,264842.5
600754.SH,2020-08-05,38.57,40.34,38.26,38.95,39.2,-0.25,-0.64,62552.94,256613.559
600754.SH,2020-08-06,38.94,40.19,38.52,39.33,38.95,0.37999999999999545,0.98,64728.06,267821.337
600754.SH,2020-08-07,39.06,42.29,39.06,41.63,39.33,2.3000000000000043,5.85,113388.37,488949.514
600754.SH,2020-08-10,43.73,45.79,42.48,44.96,41.63,3.3299999999999983,8.0,107796.87,499330.422
600754.SH,2020-08-11,44.01,47.75,44.01,45.3,44.96,0.3399999999999963,0.76,96654.0,465128.009
600754.SH,2020-08-12,45.19,45.79,42.48,44.02,45.3,-1.279999999999994,-2.83,78016.88,357214.765
600754.SH,2020-08-13,44.24,44.62,42.58,43.25,44.02,-0.7700000000000031,-1.75,39924.61,181143.904
600754.SH,2020-08-14,43.49,43.96,42.39,43.49,43.25,0.240000000000002,0.55,46227.34,208676.007
600754.SH,2020-08-17,43.06,43.68,42.78,43.56,43.49,0.07000000000000028,0.16,42878.43,194270.293
600754.SH,2020-08-18,43.76,43.83,42.01,42.57,43.56,-0.990000000000002,-2.27,64040.34,286270.358
600754.SH,2020-08-19,42.73,43.13,41.77,41.9,42.57,-0.6700000000000017,-1.57,34673.54,154058.246
600754.SH,2020-08-20,41.83,42.29,40.34,40.7,41.9,-1.1999999999999957,-2.86,51631.68,221670.524
600754.SH,2020-08-21,40.1,41.65,39.92,40.81,40.7,0.10999999999999943,0.27,50507.28,216137.425
600754.SH,2020-08-24,40.79,41.11,39.72,40.13,40.81,-0.6799999999999997,-1.67,60802.81,256646.263
600754.SH,2020-08-25,40.52,41.03,39.72,39.98,40.13,-0.15000000000000568,-0.37,36217.78,153350.257
600754.SH,2020-08-26,39.98,40.29,37.6,38.46,39.98,-1.519999999999996,-3.8,67119.77,272064.056
600754.SH,2020-08-27,38.46,39.32,37.92,38.98,38.46,0.519999999999996,1.35,83425.12,338465.631
600754.SH,2020-08-28,39.37,39.97,38.56,39.66,38.98,0.6799999999999997,1.74,54773.74,226036.093
600754.SH,2020-08-31,41.05,41.24,38.24,39.72,39.66,0.060000000000002274,0.15,96554.84,397112.382
600754.SH,2020-09-01,39.64,40.75,38.67,39.67,39.72,-0.04999999999999716,-0.13,72636.06,302722.866
600754.SH,2020-09-02,40.29,40.38,39.06,40.07,39.67,0.3999999999999986,1.01,59130.78,245531.132
600754.SH,2020-09-03,39.25,39.53,37.0,37.85,40.07,-2.219999999999999,-5.54,160717.38,634251.599
600754.SH,2020-09-04,37.23,37.45,36.36,37.02,37.85,-0.8299999999999983,-2.19,82291.86,317192.456
600754.SH,2020-09-07,36.65,40.73,36.65,37.46,37.02,0.4399999999999977,1.19,82657.35,334207.359
600754.SH,2020-09-08,38.96,39.28,37.97,38.46,37.46,1.0,2.67,87203.14,354580.29
600754.SH,2020-09-09,38.57,38.72,36.18,36.61,38.46,-1.8500000000000014,-4.81,73476.75,283294.619
600754.SH,2020-09-10,36.88,37.23,35.56,36.21,36.61,-0.3999999999999986,-1.09,69577.2,264505.975
600754.SH,2020-09-11,35.55,36.49,35.32,36.42,36.21,0.21000000000000085,0.58,43663.76,164530.238
600754.SH,2020-09-14,36.42,38.43,36.09,38.14,36.42,1.7199999999999989,4.72,73008.75,287104.912
600754.SH,2020-09-15,38.67,39.38,37.86,39.12,38.14,0.9799999999999969,2.57,73242.29,298374.509
600754.SH,2020-09-16,39.12,40.82,38.33,40.1,39.12,0.980000000000004,2.51,95629.19,399873.309
600754.SH,2020-09-17,40.1,40.67,39.32,40.49,40.1,0.39000000000000057,0.97,55838.76,234939.539
600754.SH,2020-09-18,40.43,41.46,39.34,40.66,40.49,0.1699999999999946,0.42,73501.11,312148.576
600754.SH,2020-09-21,40.67,41.24,38.91,39.16,40.66,-1.5,-3.69,63380.83,262146.126
600754.SH,2020-09-22,39.1,39.71,38.09,38.92,39.16,-0.23999999999999488,-0.61,55973.45,228981.979
600754.SH,2020-09-23,38.73,39.53,38.36,39.08,38.92,0.1599999999999966,0.41,45956.02,188061.542
600754.SH,2020-09-24,38.74,39.51,37.23,37.72,39.08,-1.3599999999999994,-3.48,52077.03,206801.646
600754.SH,2020-09-25,38.01,38.07,37.12,37.47,37.72,-0.25,-0.66,19917.81,78365.358
600754.SH,2020-09-28,37.72,39.69,37.72,39.09,37.47,1.6200000000000045,4.32,53110.28,217251.419
600754.SH,2020-09-29,39.08,39.45,38.33,39.14,39.09,0.04999999999999716,0.13,42090.71,171865.658
600754.SH,2020-09-30,39.14,40.26,38.57,38.92,39.14,-0.21999999999999886,-0.56,63609.49,262529.582
600754.SH,2020-10-09,39.33,39.79,37.48,37.71,38.92,-1.2100000000000009,-3.11,102537.05,410611.553
600754.SH,2020-10-12,37.56,39.95,36.7,39.33,37.71,1.6199999999999974,4.3,135226.36,545862.255
600754.SH,2020-10-13,39.93,40.24,37.81,38.52,39.33,-0.8099999999999952,-2.06,53859.93,217786.487
600754.SH,2020-10-14,38.84,38.84,37.84,38.08,38.52,-0.44000000000000483,-1.14,42905.0,171663.61
600754.SH,2020-10-15,38.19,38.3,37.4,37.44,38.08,-0.6400000000000006,-1.68,21153.42,83531.295
600754.SH,2020-10-16,37.69,38.55,35.81,36.28,37.44,-1.1599999999999966,-3.1,47169.03,180287.74
600754.SH,2020-10-19,36.09,37.04,35.49,36.94,36.28,0.6599999999999966,1.82,46191.54,176957.44
600754.SH,2020-10-20,36.89,38.38,36.37,38.26,36.94,1.3200000000000003,3.57,43430.82,171241.434
600754.SH,2020-10-21,38.19,40.25,38.19,40.09,38.26,1.8300000000000054,4.78,70135.45,291906.512
600754.SH,2020-10-22,40.29,40.66,39.55,40.33,40.09,0.23999999999999488,0.6,40865.61,172020.852
600754.SH,2020-10-23,40.96,43.66,40.23,41.63,40.33,1.3000000000000043,3.22,77957.96,341067.126
600754.SH,2020-10-26,41.39,42.54,39.62,41.64,41.63,0.00999999999999801,0.02,61892.55,267929.107
600754.SH,2020-10-27,40.83,42.23,40.2,41.97,41.64,0.3299999999999983,0.79,33939.99,147749.345
600754.SH,2020-10-28,41.58,42.7,41.18,42.16,41.97,0.18999999999999773,0.45,35966.57,158542.149
600754.SH,2020-10-29,41.53,43.44,41.24,42.94,42.16,0.7800000000000011,1.85,28158.15,125679.505
600754.SH,2020-10-30,42.95,43.5,42.21,42.69,42.94,-0.25,-0.58,32137.55,143775.268
600754.SH,2020-11-02,41.62,42.66,41.16,41.47,42.69,-1.2199999999999989,-2.86,61529.19,269604.546
600754.SH,2020-11-03,41.87,43.88,41.44,43.02,41.47,1.5500000000000043,3.74,54777.84,246372.769
600754.SH,2020-11-04,42.91,44.77,42.58,44.46,43.02,1.4399999999999977,3.35,41641.76,192096.276
600754.SH,2020-11-05,44.77,45.23,43.15,44.68,44.46,0.21999999999999886,0.49,44984.41,209625.166
600754.SH,2020-11-06,44.31,46.29,44.31,45.83,44.68,1.1499999999999986,2.57,62101.77,296397.024
600754.SH,2020-11-09,45.83,48.26,45.16,46.0,45.83,0.1700000000000017,0.37,69757.07,344298.231
600754.SH,2020-11-10,48.69,50.58,47.25,48.3,46.0,2.299999999999997,5.0,84136.75,427524.361
600754.SH,2020-11-11,48.41,49.17,46.65,48.05,48.3,-0.25,-0.52,77054.57,385653.021
600754.SH,2020-11-12,47.74,49.02,47.18,48.96,48.05,0.9100000000000037,1.89,57171.39,288646.874
600754.SH,2020-11-13,47.94,49.65,46.91,48.97,48.96,0.00999999999999801,0.02,57506.59,292589.595
600754.SH,2020-11-16,48.12,50.11,47.5,47.83,48.97,-1.1400000000000006,-2.33,37438.57,188504.639
600754.SH,2020-11-17,48.17,50.57,47.83,50.11,47.83,2.280000000000001,4.77,61777.01,321446.242
600754.SH,2020-11-18,49.65,51.33,49.17,50.94,50.11,0.8299999999999983,1.66,52077.54,276294.056
600754.SH,2020-11-19,50.99,51.63,49.17,49.52,50.94,-1.4199999999999946,-2.79,38617.22,203092.475
600754.SH,2020-11-20,49.32,51.19,49.05,49.41,49.52,-0.11000000000000654,-0.22,55355.2,290707.015
600754.SH,2020-11-23,49.41,49.41,46.49,46.78,49.41,-2.6299999999999955,-5.32,113240.86,559293.28
600754.SH,2020-11-24,46.78,48.2,46.46,47.8,46.78,1.019999999999996,2.18,48345.8,240755.922
600754.SH,2020-11-25,48.4,48.83,46.64,46.66,47.8,-1.1400000000000006,-2.38,42893.47,213345.266
600754.SH,2020-11-26,47.48,47.48,45.5,46.36,46.66,-0.29999999999999716,-0.64,48227.29,233126.358
600754.SH,2020-11-27,46.36,46.83,44.91,46.8,46.36,0.4399999999999977,0.95,86101.35,414325.491
600754.SH,2020-11-30,46.44,46.53,44.75,46.33,46.8,-0.46999999999999886,-1.0,73818.12,351568.012
600754.SH,2020-12-01,45.68,46.31,44.87,46.21,46.33,-0.11999999999999744,-0.26,58749.7,282205.507
600754.SH,2020-12-02,46.05,47.97,45.82,47.16,46.21,0.9499999999999957,2.06,55178.63,273438.449
600754.SH,2020-12-03,47.74,48.98,47.48,48.8,47.16,1.6400000000000006,3.48,35339.67,179685.896
600754.SH,2020-12-04,48.11,49.28,47.93,49.13,48.8,0.3300000000000054,0.68,28118.61,143952.539
600754.SH,2020-12-07,48.95,49.91,48.58,49.43,49.13,0.29999999999999716,0.61,20577.63,106067.87
600754.SH,2020-12-08,48.98,49.43,48.31,48.96,49.43,-0.46999999999999886,-0.95,34695.31,177325.212
600754.SH,2020-12-09,49.33,49.76,48.38,49.14,48.96,0.17999999999999972,0.37,35033.64,180402.118
600754.SH,2020-12-10,49.17,49.5,48.59,49.04,49.14,-0.10000000000000142,-0.2,21826.82,112031.983
600754.SH,2020-12-11,49.45,49.47,47.36,47.83,49.04,-1.2100000000000009,-2.47,28003.23,141343.138
600754.SH,2020-12-14,47.97,50.76,46.98,50.12,47.83,2.289999999999999,4.79,59483.77,308639.273
600754.SH,2020-12-15,50.64,52.0,50.37,51.0,50.12,0.8800000000000026,1.76,37295.62,199677.426
600754.SH,2020-12-16,51.49,54.42,50.67,53.94,51.0,2.9399999999999977,5.76,67912.41,378988.324
600754.SH,2020-12-17,54.42,56.93,52.5,52.8,53.94,-1.1400000000000006,-2.11,79542.26,451272.656
600754.SH,2020-12-18,53.02,53.46,49.44,49.71,52.8,-3.0899999999999963,-5.85,70526.27,371950.227
600754.SH,2020-12-21,49.78,50.84,47.64,50.7,49.71,0.990000000000002,1.99,67093.24,346596.343
600754.SH,2020-12-22,50.79,50.79,48.36,49.52,50.7,-1.1799999999999997,-2.33,53553.36,277955.317
600754.SH,2020-12-23,49.65,50.12,48.6,48.81,49.52,-0.7100000000000009,-1.43,29372.39,151851.7
600754.SH,2020-12-24,48.51,49.48,48.15,48.3,48.81,-0.5100000000000051,-1.04,28114.92,143331.269
600754.SH,2020-12-25,47.58,48.58,46.64,47.35,48.3,-0.9499999999999957,-1.97,50875.25,251325.08
600754.SH,2020-12-28,46.79,47.84,46.08,47.12,47.35,-0.23000000000000398,-0.49,42754.2,210696.452
600754.SH,2020-12-29,47.33,48.88,47.33,48.38,47.12,1.2600000000000051,2.67,46504.97,235593.036
600754.SH,2020-12-30,47.91,48.96,46.98,48.3,48.38,-0.0800000000000054,-0.17,26127.01,132177.691
600754.SH,2020-12-31,47.95,49.95,47.94,49.2,48.3,0.9000000000000057,1.86,42436.0,217534.252
600754.SH,2021-01-04,48.65,49.96,47.88,48.42,49.2,-0.7800000000000011,-1.59,43863.28,224237.36
600754.SH,2021-01-05,48.38,49.53,46.97,47.97,48.42,-0.45000000000000284,-0.93,60107.22,301721.209
600754.SH,2021-01-06,47.59,50.12,47.25,49.62,47.97,1.6499999999999986,3.44,57625.63,295255.82
600754.SH,2021-01-07,50.13,51.26,49.56,50.03,49.62,0.4100000000000037,0.83,50538.01,266779.612
600754.SH,2021-01-08,50.06,50.78,48.7,49.49,50.03,-0.5399999999999991,-1.08,46591.9,240489.655
600754.SH,2021-01-11,49.2,50.48,46.8,48.01,49.49,-1.480000000000004,-2.99,57761.43,294913.513
600754.SH,2021-01-12,47.63,47.72,45.46,45.83,48.01,-2.1799999999999997,-4.54,86517.48,417861.402
600754.SH,2021-01-13,46.39,48.81,45.06,48.51,45.83,2.6799999999999997,5.85,82371.21,407832.071
600754.SH,2021-01-14,48.13,49.46,45.64,45.78,48.51,-2.729999999999997,-5.63,35805.79,176125.402
600754.SH,2021-01-15,45.69,46.63,44.78,46.23,45.78,0.44999999999999574,0.98,55442.53,266419.411
600754.SH,2021-01-18,46.23,46.92,45.43,45.71,46.23,-0.519999999999996,-1.12,47036.64,226274.285
600754.SH,2021-01-19,45.76,46.38,44.59,45.0,45.71,-0.7100000000000009,-1.55,41532.79,198316.993
600754.SH,2021-01-20,45.53,45.53,44.02,45.12,45.0,0.11999999999999744,0.27,44030.71,205719.177
600754.SH,2021-01-21,45.16,45.16,42.4,43.73,45.12,-1.3900000000000006,-3.08,114237.87,518898.601
600754.SH,2021-01-22,42.97,45.45,42.56,45.12,43.73,1.3900000000000006,3.18,90265.82,419707.871
600754.SH,2021-01-25,44.87,47.93,44.4,46.87,45.12,1.75,3.88,72368.98,354574.074
600754.SH,2021-01-26,46.57,48.61,45.39,48.12,46.87,1.25,2.67,72986.33,358521.018
600754.SH,2021-01-27,47.09,48.7,47.09,48.26,48.12,0.14000000000000057,0.29,44573.84,224223.999
600754.SH,2021-01-28,47.89,50.68,47.75,48.26,48.26,0.0,0.0,71339.37,368986.52
600754.SH,2021-01-29,48.31,50.7,48.12,49.57,48.26,1.3100000000000023,2.71,100496.41,524236.107
600754.SH,2021-02-01,49.75,51.48,47.79,48.79,49.57,-0.7800000000000011,-1.57,90308.22,465453.897
600754.SH,2021-02-02,48.52,50.03,48.29,48.43,48.79,-0.35999999999999943,-0.74,108636.65,558013.426
600754.SH,2021-02-03,48.48,51.08,48.22,48.34,48.43,-0.0899999999999963,-0.19,119794.25,625459.664
600754.SH,2021-02-04,47.89,49.35,47.17,48.03,48.34,-0.3100000000000023,-0.64,59947.47,303088.591
600754.SH,2021-02-05,49.02,49.78,47.35,47.7,48.03,-0.3299999999999983,-0.69,40115.53,202979.523
600754.SH,2021-02-08,48.03,52.48,48.03,52.48,47.7,4.779999999999994,10.02,86408.1,461266.449
600754.SH,2021-02-09,53.66,55.24,53.29,54.09,52.48,1.6100000000000065,3.07,84866.38,482668.431
600754.SH,2021-02-10,54.22,55.1,52.8,54.99,54.09,0.8999999999999986,1.66,83675.01,475305.295
600754.SH,2021-02-18,57.29,58.61,55.67,57.01,54.99,2.019999999999996,3.67,110889.73,666512.016
600754.SH,2021-02-19,56.24,57.86,53.08,56.3,57.01,-0.7100000000000009,-1.25,98180.65,572419.73
600754.SH,2021-02-22,56.3,57.05,53.76,55.38,56.3,-0.9199999999999946,-1.63,91996.58,532953.123
600754.SH,2021-02-23,53.36,54.53,52.56,53.09,55.38,-2.289999999999999,-4.14,95038.99,530961.948
600754.SH,2021-02-24,52.75,57.5,52.75,55.41,53.09,2.319999999999993,4.37,116830.29,680464.234
600754.SH,2021-02-25,56.34,58.24,53.76,57.14,55.41,1.730000000000004,3.12,70155.69,413658.867
600754.SH,2021-02-26,56.05,56.89,51.43,51.43,57.14,-5.710000000000001,-9.99,67936.28,377527.019
600754.SH,2021-03-01,50.51,51.16,48.57,48.6,51.43,-2.8299999999999983,-5.5,135348.15,702663.328
600754.SH,2021-03-02,49.17,51.1,47.69,48.48,48.6,-0.12000000000000455,-0.25,100803.6,519389.055
600754.SH,2021-03-03,47.97,51.98,47.97,51.1,48.48,2.6200000000000045,5.4,84288.2,447095.524
600754.SH,2021-03-04,50.6,50.6,46.66,47.64,51.1,-3.460000000000001,-6.77,81698.07,409179.865
600754.SH,2021-03-05,45.93,47.88,45.83,46.49,47.64,-1.1499999999999986,-2.41,64829.95,316695.557
600754.SH,2021-03-08,46.79,47.74,43.23,43.54,46.49,-2.950000000000003,-6.35,92866.03,439663.92
600754.SH,2021-03-09,43.54,45.53,42.01,44.37,43.54,0.8299999999999983,1.91,106596.61,491979.655
600754.SH,2021-03-10,44.88,46.67,43.78,45.6,44.37,1.230000000000004,2.77,72627.91,344920.088
600754.SH,2021-03-11,45.2,47.17,44.95,46.69,45.6,1.0899999999999963,2.39,52263.94,254588.186
600754.SH,2021-03-12,46.89,47.23,44.74,46.31,46.69,-0.37999999999999545,-0.81,75941.74,365007.361
600754.SH,2021-03-15,46.31,48.89,46.16,47.42,46.31,1.1099999999999994,2.4,72100.06,358587.123
600754.SH,2021-03-16,47.8,51.04,47.46,49.33,47.42,1.9099999999999966,4.03,88634.83,455132.225
600754.SH,2021-03-17,49.94,50.69,47.91,50.02,49.33,0.6900000000000048,1.4,49044.55,255857.938
600754.SH,2021-03-18,49.91,51.79,49.18,50.74,50.02,0.7199999999999989,1.44,47189.56,251789.392
600754.SH,2021-03-19,49.65,50.74,48.79,49.6,50.74,-1.1400000000000006,-2.25,51676.21,268948.391
600754.SH,2021-03-22,49.6,51.83,48.74,51.21,49.6,1.6099999999999994,3.25,53147.86,283311.467
600754.SH,2021-03-23,51.32,52.04,50.66,51.61,51.21,0.3999999999999986,0.78,56807.16,306411.107
600754.SH,2021-03-24,50.85,51.09,46.91,48.1,51.61,-3.509999999999998,-6.8,146991.6,744140.818
600754.SH,2021-03-25,46.07,50.61,46.02,49.61,48.1,1.509999999999998,3.14,69727.47,358414.378
600754.SH,2021-03-26,49.79,52.42,49.79,51.06,49.61,1.4500000000000028,2.92,51415.49,274819.328
600754.SH,2021-03-29,51.18,54.62,50.42,54.31,51.06,3.25,6.37,88150.09,493651.163
600754.SH,2021-03-30,53.33,55.11,52.3,53.0,54.31,-1.3100000000000023,-2.41,67979.16,381700.078
600754.SH,2021-03-31,52.87,54.07,51.81,52.99,53.0,-0.00999999999999801,-0.02,56477.86,312483.499
600754.SH,2021-04-01,53.52,54.23,51.85,53.74,52.99,0.75,1.42,44289.13,246779.717
600754.SH,2021-04-02,53.72,54.62,52.67,53.57,53.74,-0.1700000000000017,-0.32,40639.06,227605.916
600754.SH,2021-04-06,52.72,53.53,51.37,53.12,53.57,-0.45000000000000284,-0.84,50843.91,280033.45
600754.SH,2021-04-07,51.9,54.27,51.57,54.14,53.12,1.0200000000000031,1.92,49047.75,273529.748
600754.SH,2021-04-08,53.3,53.71,52.33,53.32,54.14,-0.8200000000000003,-1.51,26598.4,148255.618
600754.SH,2021-04-09,52.88,55.08,52.53,54.65,53.32,1.3299999999999983,2.49,38160.13,215894.082
600754.SH,2021-04-12,54.53,55.93,52.8,53.38,54.65,-1.269999999999996,-2.32,47327.21,266882.27
600754.SH,2021-04-13,53.08,54.78,51.91,52.47,53.38,-0.9100000000000037,-1.7,42047.8,235005.633
600754.SH,2021-04-14,52.98,54.95,52.58,54.14,52.47,1.6700000000000017,3.18,38462.43,218414.243
600754.SH,2021-04-15,54.03,54.13,51.28,52.58,54.14,-1.5600000000000023,-2.88,45883.37,251522.073
600754.SH,2021-04-16,52.57,53.16,51.76,52.49,52.58,-0.0899999999999963,-0.17,33713.75,185100.437
600754.SH,2021-04-19,53.03,54.76,51.58,54.49,52.49,2.0,3.81,62146.74,349432.482
600754.SH,2021-04-20,54.33,55.6,52.56,54.9,54.49,0.4099999999999966,0.75,41346.36,235027.321
600754.SH,2021-04-21,54.09,58.59,54.09,58.25,54.9,3.3500000000000014,6.1,94981.63,573601.744
600754.SH,2021-04-22,58.4,59.13,57.04,57.29,58.25,-0.9600000000000009,-1.65,38615.26,233197.429
600754.SH,2021-04-23,57.36,58.01,56.2,56.6,57.29,-0.6899999999999977,-1.2,51681.19,308047.247
600754.SH,2021-04-26,56.79,59.34,55.92,57.56,56.6,0.9600000000000009,1.7,56730.35,344566.806
600754.SH,2021-04-27,57.55,57.57,55.16,56.34,57.56,-1.2199999999999989,-2.12,50656.23,297904.698
600754.SH,2021-04-28,56.29,57.56,55.38,57.43,56.34,1.0899999999999963,1.93,34694.86,205869.284
600754.SH,2021-04-29,57.85,58.7,54.81,56.81,57.43,-0.6199999999999974,-1.08,32990.03,196496.615
600754.SH,2021-04-30,55.46,58.44,54.9,58.44,56.81,1.6299999999999955,2.87,43384.96,259592.535
600754.SH,2021-05-06,59.75,59.75,54.9,56.45,58.44,-1.9899999999999949,-3.41,72535.97,425453.67
600754.SH,2021-05-07,56.08,57.18,55.44,55.55,56.45,-0.9000000000000057,-1.59,30976.28,181594.424
600754.SH,2021-05-10,55.54,57.69,53.76,57.02,55.55,1.470000000000006,2.65,51640.48,300248.052
600754.SH,2021-05-11,56.81,58.61,55.27,57.0,57.02,-0.020000000000003126,-0.04,31242.2,187189.46
600754.SH,2021-05-12,56.82,57.15,55.71,56.01,57.0,-0.990000000000002,-1.74,16404.99,96578.913
600754.SH,2021-05-13,55.4,56.97,55.17,55.76,56.01,-0.25,-0.45,17854.81,104300.836
600754.SH,2021-05-14,55.71,58.44,55.45,58.05,55.76,2.289999999999999,4.11,31723.56,191418.392
600754.SH,2021-05-17,57.82,59.64,57.1,58.63,58.05,0.5800000000000054,1.0,39658.27,243496.136
600754.SH,2021-05-18,58.91,59.2,56.98,57.4,58.63,-1.230000000000004,-2.1,23050.28,139327.285
600754.SH,2021-05-19,57.26,57.47,56.07,56.71,57.4,-0.6899999999999977,-1.2,25496.4,151188.984
600754.SH,2021-05-20,56.74,57.19,55.7,56.02,56.71,-0.6899999999999977,-1.22,20976.81,123628.477
600754.SH,2021-05-21,56.15,56.79,53.88,55.57,56.02,-0.45000000000000284,-0.8,35794.41,206029.04
600754.SH,2021-05-24,55.49,57.24,55.37,56.91,55.57,1.3399999999999963,2.41,27415.2,162820.953
600754.SH,2021-05-25,56.92,58.34,56.35,57.75,56.91,0.8400000000000034,1.48,18083.82,109102.196
600754.SH,2021-05-26,57.86,59.32,55.86,58.83,57.75,1.0799999999999983,1.87,32999.58,199640.429
600754.SH,2021-05-27,59.76,59.76,57.01,59.2,58.83,0.37000000000000455,0.63,29514.63,180098.988
600754.SH,2021-05-28,58.63,60.47,57.77,59.98,59.2,0.779999999999994,1.32,27834.58,174556.59
600754.SH,2021-05-31,59.98,60.35,56.89,59.82,59.98,-0.1599999999999966,-0.27,42696.21,261997.587
600754.SH,2021-06-01,59.18,61.47,58.53,61.11,59.82,1.2899999999999991,2.16,41058.77,261105.324
600754.SH,2021-06-02,61.59,62.53,60.16,60.52,61.11,-0.5899999999999963,-0.97,33920.57,218214.413
600754.SH,2021-06-03,60.44,63.2,60.37,60.82,60.52,0.29999999999999716,0.5,40288.95,261291.904
600754.SH,2021-06-04,61.1,62.04,59.77,60.27,60.82,-0.5499999999999972,-0.9,22707.21,145016.716
600754.SH,2021-06-07,60.78,61.74,59.33,59.78,60.27,-0.490000000000002,-0.81,23663.21,148602.951
600754.SH,2021-06-08,59.71,60.82,58.16,58.63,59.78,-1.1499999999999986,-1.92,42679.5,264478.505
600754.SH,2021-06-09,58.69,60.33,57.96,58.24,58.63,-0.39000000000000057,-0.67,30639.21,189193.521
600754.SH,2021-06-10,58.22,59.2,57.16,57.61,58.24,-0.6300000000000026,-1.08,22507.65,136583.232
600754.SH,2021-06-11,57.69,58.6,56.81,58.6,57.61,0.990000000000002,1.72,47182.55,284926.342
600754.SH,2021-06-15,58.44,59.14,56.96,57.1,58.6,-1.5,-2.56,34923.33,211690.34
600754.SH,2021-06-16,57.29,58.55,56.27,58.4,57.1,1.2999999999999972,2.28,32015.43,193181.404
600754.SH,2021-06-17,58.38,59.71,56.6,57.06,58.4,-1.3399999999999963,-2.29,41493.07,250786.889
600754.SH,2021-06-18,57.15,57.81,55.18,55.18,57.06,-1.8800000000000026,-3.29,33806.24,199322.748
600754.SH,2021-06-21,56.06,56.94,54.25,55.48,55.18,0.29999999999999716,0.54,41659.08,242908.542
600754.SH,2021-06-22,55.39,55.46,52.4,52.99,55.48,-2.489999999999995,-4.49,57661.75,321720.396
600754.SH,2021-06-23,53.52,56.01,53.12,55.11,52.99,2.1199999999999974,4.0,54529.46,313740.0
600754.SH,2021-06-24,55.56,55.63,52.57,52.72,55.11,-2.3900000000000006,-4.34,39054.48,217134.168
600754.SH,2021-06-25,52.45,52.49,50.73,51.95,52.72,-0.769999999999996,-1.46,49303.9,265627.154
600754.SH,2021-06-28,51.74,51.88,48.55,50.86,51.95,-1.0900000000000034,-2.1,78634.09,410297.662
600754.SH,2021-06-29,50.63,54.05,50.19,53.24,50.86,2.3800000000000026,4.68,68589.33,377842.072
600754.SH,2021-06-30,53.36,54.82,51.35,54.43,53.24,1.1899999999999977,2.24,51771.47,290442.766
600754.SH,2021-07-01,54.34,54.48,53.55,54.15,54.43,-0.28000000000000114,-0.51,24900.43,140526.626
600754.SH,2021-07-02,53.99,54.45,51.76,52.35,54.15,-1.7999999999999972,-3.32,42609.35,234092.898
600754.SH,2021-07-05,51.85,53.26,51.17,53.04,52.35,0.6899999999999977,1.32,49153.14,269869.513
600754.SH,2021-07-06,53.09,53.09,51.13,51.9,53.04,-1.1400000000000006,-2.15,30955.23,167649.937
600754.SH,2021-07-07,51.74,51.9,50.45,51.07,51.9,-0.8299999999999983,-1.6,31961.88,170752.607
600754.SH,2021-07-08,51.24,51.42,49.6,50.62,51.07,-0.45000000000000284,-0.88,30698.77,162279.246
600754.SH,2021-07-09,49.89,50.34,48.25,49.7,50.62,-0.9199999999999946,-1.82,61527.26,315923.935
600754.SH,2021-07-12,49.68,51.13,48.15,50.3,49.7,0.5999999999999943,1.21,45472.26,238108.116
600754.SH,2021-07-13,49.74,51.81,49.54,50.35,50.3,0.05000000000000426,0.1,41678.51,220637.22
600754.SH,2021-07-14,50.06,51.69,48.89,50.94,50.35,0.5899999999999963,1.17,42542.34,226043.602
600754.SH,2021-07-15,50.41,50.6,49.01,50.08,50.94,-0.8599999999999994,-1.69,48802.8,253631.281
600754.SH,2021-07-16,50.08,50.25,48.75,48.75,50.08,-1.3299999999999983,-2.66,26735.17,137404.892
600754.SH,2021-07-19,49.03,52.57,48.75,52.31,48.75,3.5600000000000023,7.3,76481.38,411654.5
600754.SH,2021-07-20,52.32,52.53,49.95,50.18,52.31,-2.1300000000000026,-4.07,49432.5,263548.07
600754.SH,2021-07-21,50.28,50.28,47.79,48.1,50.18,-2.0799999999999983,-4.15,58171.57,294859.213
600754.SH,2021-07-22,47.79,47.98,46.9,47.79,48.1,-0.3100000000000023,-0.64,36611.71,181490.489
600754.SH,2021-07-23,46.83,47.17,44.32,45.53,47.79,-2.259999999999998,-4.73,72358.36,342647.647
600754.SH,2021-07-26,45.21,45.21,43.11,44.63,45.53,-0.8999999999999986,-1.98,61286.42,281762.614
600754.SH,2021-07-27,43.97,44.83,42.89,43.59,44.63,-1.0399999999999991,-2.33,46210.05,211589.892
600754.SH,2021-07-28,43.44,43.87,41.77,42.15,43.59,-1.4400000000000048,-3.3,64864.55,288893.918
600754.SH,2021-07-29,42.72,42.72,39.66,40.76,42.15,-1.3900000000000006,-3.3,120031.52,512271.002
600754.SH,2021-07-30,40.75,40.75,38.5,38.71,40.76,-2.049999999999997,-5.03,111053.96,454850.84
600754.SH,2021-08-02,37.93,40.79,36.99,40.19,38.71,1.4799999999999969,3.82,78768.58,325201.05
600754.SH,2021-08-03,39.87,40.43,38.97,40.07,40.19,-0.11999999999999744,-0.3,48993.47,204139.089
600754.SH,2021-08-04,41.19,41.19,37.62,38.23,40.07,-1.8400000000000034,-4.59,78246.81,314354.02
600754.SH,2021-08-05,38.21,39.38,37.82,38.42,38.23,0.19000000000000483,0.5,57255.27,230761.768
600754.SH,2021-08-06,38.46,39.28,37.05,38.97,38.42,0.5499999999999972,1.43,60609.14,243581.925
600754.SH,2021-08-09,38.91,41.9,38.42,41.21,38.97,2.240000000000002,5.75,81997.51,351741.605
600754.SH,2021-08-10,41.21,42.52,39.66,42.24,41.21,1.0300000000000011,2.5,114098.99,491771.451
600754.SH,2021-08-11,41.96,42.15,40.95,41.46,42.24,-0.7800000000000011,-1.85,41723.82,181225.888
600754.SH,2021-08-12,41.08,42.04,40.92,41.7,41.46,0.240000000000002,0.58,42268.86,184085.637
600754.SH,2021-08-13,41.9,42.93,41.25,42.69,41.7,0.9899999999999949,2.37,60137.91,267974.475
600754.SH,2021-08-16,43.12,45.16,42.86,44.05,42.69,1.3599999999999994,3.19,69490.94,321739.118
600754.SH,2021-08-17,44.63,45.31,43.78,44.35,44.05,0.30000000000000426,0.68,77236.95,360830.147
600754.SH,2021-08-18,44.1,47.37,43.56,45.19,44.35,0.8399999999999963,1.89,98177.86,465949.054
600754.SH,2021-08-19,45.82,45.82,43.11,43.51,45.19,-1.6799999999999997,-3.72,33814.06,155102.673
600754.SH,2021-08-20,43.85,44.62,42.67,43.34,43.51,-0.1699999999999946,-0.39,53306.53,242362.978
600754.SH,2021-08-23,43.55,45.35,43.13,44.44,43.34,1.0999999999999943,2.54,35857.99,166792.239
600754.SH,2021-08-24,44.28,45.88,43.59,45.27,44.44,0.8300000000000054,1.87,36648.46,172333.581
600754.SH,2021-08-25,45.52,46.05,44.26,44.35,45.27,-0.9200000000000017,-2.03,21551.71,101368.166
600754.SH,2021-08-26,44.45,44.89,43.41,43.78,44.35,-0.5700000000000003,-1.29,31838.33,146284.558
600754.SH,2021-08-27,44.02,45.05,42.63,43.44,43.78,-0.3400000000000034,-0.78,49218.69,224472.025
600754.SH,2021-08-30,43.11,44.42,43.11,43.5,43.44,0.060000000000002274,0.14,25639.07,117073.126
600754.SH,2021-08-31,42.23,44.3,41.1,43.71,43.5,0.21000000000000085,0.48,43453.7,197549.904
600754.SH,2021-09-01,42.9,45.86,42.9,44.24,43.71,0.5300000000000011,1.21,71895.55,335421.135
600754.SH,2021-09-02,43.97,45.69,43.39,43.6,44.24,-0.6400000000000006,-1.45,41630.23,193913.835
600754.SH,2021-09-03,43.76,47.96,42.2,47.96,43.6,4.359999999999999,10.0,84862.63,406805.823
600754.SH,2021-09-06,48.43,48.73,46.47,48.03,47.96,0.07000000000000028,0.15,79933.3,399498.857
600754.SH,2021-09-07,47.65,47.96,46.35,47.21,48.03,-0.8200000000000003,-1.71,46545.31,229034.431
600754.SH,2021-09-08,47.12,49.51,47.12,48.95,47.21,1.740000000000002,3.69,76630.38,390797.392
600754.SH,2021-09-09,48.64,48.73,46.35,46.82,48.95,-2.1300000000000026,-4.35,42541.56,210009.884
600754.SH,2021-09-10,46.83,49.08,46.69,46.82,46.82,0.0,0.0,66901.42,332003.2
600754.SH,2021-09-13,45.58,45.58,42.15,42.52,46.82,-4.299999999999997,-9.18,99679.11,450338.833
600754.SH,2021-09-14,41.69,43.2,41.16,42.53,42.52,0.00999999999999801,0.02,58456.04,259272.305
600754.SH,2021-09-15,42.33,42.52,40.91,41.3,42.53,-1.230000000000004,-2.89,45936.84,200542.81
600754.SH,2021-09-16,41.1,42.03,39.94,39.94,41.3,-1.3599999999999994,-3.29,50080.51,213869.422
600754.SH,2021-09-17,39.95,41.02,39.43,40.73,39.94,0.7899999999999991,1.98,26646.3,112564.355
600754.SH,2021-09-22,40.02,40.31,37.89,40.13,40.73,-0.5999999999999943,-1.47,58267.83,237081.582
600754.SH,2021-09-23,40.13,40.33,39.4,39.78,40.13,-0.3500000000000014,-0.87,31587.75,131738.185
600754.SH,2021-09-24,39.86,41.61,39.43,40.72,39.78,0.9399999999999977,2.36,68209.48,290776.773
600754.SH,2021-09-27,40.88,42.32,40.25,41.93,40.72,1.2100000000000009,2.97,50047.66,217830.477
600754.SH,2021-09-28,41.98,42.24,40.73,41.99,41.93,0.060000000000002274,0.14,28987.21,126006.427
600754.SH,2021-09-29,41.81,44.31,41.62,44.31,41.99,2.3200000000000003,5.53,73336.47,331054.426
600754.SH,2021-09-30,43.69,44.11,42.01,43.44,44.31,-0.8700000000000045,-1.96,61202.32,275386.722
600754.SH,2021-10-08,44.78,45.89,44.16,45.01,43.44,1.5700000000000003,3.61,73542.9,347468.499
600754.SH,2021-10-11,45.01,46.16,43.97,45.06,45.01,0.05000000000000426,0.11,78329.29,368828.284
600754.SH,2021-10-12,44.99,46.02,44.7,45.06,45.06,0.0,0.0,60199.91,285939.163
600754.SH,2021-10-13,45.4,47.31,44.73,46.58,45.06,1.519999999999996,3.37,61029.31,296478.957
600754.SH,2021-10-14,46.61,49.87,46.45,48.94,46.58,2.3599999999999994,5.07,103703.4,530264.377
600754.SH,2021-10-15,48.51,49.91,48.1,49.38,48.94,0.44000000000000483,0.9,76661.75,394576.245
600754.SH,2021-10-18,49.22,49.99,48.35,48.55,49.38,-0.8300000000000054,-1.68,78260.4,402025.213
600754.SH,2021-10-19,48.22,48.22,45.89,47.69,48.55,-0.8599999999999994,-1.77,78308.92,387837.743
600754.SH,2021-10-20,48.33,48.4,46.16,47.47,47.69,-0.21999999999999886,-0.46,51717.45,255104.549
600754.SH,2021-10-21,47.79,49.2,46.65,48.6,47.47,1.1300000000000026,2.38,55788.07,281644.876
600754.SH,2021-10-22,48.1,48.87,47.17,47.87,48.6,-0.730000000000004,-1.5,36752.58,183880.408
600754.SH,2021-10-25,46.83,49.13,45.89,48.84,47.87,0.970000000000006,2.03,54303.4,274655.987
600754.SH,2021-10-26,48.2,51.49,48.2,49.99,48.84,1.1499999999999986,2.35,46058.7,240678.925
600754.SH,2021-10-27,49.88,52.85,49.46,52.35,49.99,2.3599999999999994,4.72,81214.12,443579.335
600754.SH,2021-10-28,52.35,53.0,50.0,50.45,52.35,-1.8999999999999986,-3.63,61881.75,329738.028
600754.SH,2021-10-29,50.14,52.42,50.03,51.61,50.45,1.1599999999999966,2.3,56582.85,305074.178
600754.SH,2021-11-01,50.69,52.38,48.98,50.84,51.61,-0.769999999999996,-1.49,67540.42,361110.456
600754.SH,2021-11-02,50.66,51.29,49.39,50.14,50.84,-0.7000000000000028,-1.38,46084.74,242488.18
600754.SH,2021-11-03,50.65,50.85,49.29,50.0,50.14,-0.14000000000000057,-0.28,47657.99,250328.104
600754.SH,2021-11-04,50.27,51.56,48.68,50.19,50.0,0.18999999999999773,0.38,50900.49,267997.498
600754.SH,2021-11-05,49.99,49.99,47.9,49.51,50.19,-0.6799999999999997,-1.35,65129.86,333706.751
600754.SH,2021-11-08,51.18,54.34,51.18,53.45,49.51,3.940000000000005,7.96,122278.15,684218.554
600754.SH,2021-11-09,53.05,54.25,52.68,53.43,53.45,-0.020000000000003126,-0.04,56220.99,315130.526
600754.SH,2021-11-10,53.31,54.1,50.63,53.12,53.43,-0.3100000000000023,-0.58,57903.96,320360.861
600754.SH,2021-11-11,53.52,54.14,52.29,53.88,53.12,0.7600000000000051,1.43,41483.15,231954.076
600754.SH,2021-11-12,53.87,56.82,53.19,56.13,53.88,2.25,4.18,53087.79,305787.936
600754.SH,2021-11-15,55.72,58.3,51.54,57.15,56.13,1.019999999999996,1.82,84082.65,474589.544
600754.SH,2021-11-16,55.89,57.15,54.78,55.72,57.15,-1.4299999999999997,-2.5,32989.08,192817.699
600754.SH,2021-11-17,55.0,58.21,55.0,56.29,55.72,0.5700000000000003,1.02,46413.24,274964.556
600754.SH,2021-11-18,55.95,55.95,53.38,54.0,56.29,-2.289999999999999,-4.07,42739.03,242410.106
600754.SH,2021-11-19,54.22,54.61,53.05,54.29,54.0,0.28999999999999915,0.54,43958.08,247223.467
600754.SH,2021-11-22,52.85,54.78,52.71,53.67,54.29,-0.6199999999999974,-1.14,55618.43,313093.11
600754.SH,2021-11-23,54.48,54.48,51.64,51.99,53.67,-1.6799999999999997,-3.13,107736.23,593218.211
600754.SH,2021-11-24,52.09,52.28,50.57,51.29,51.99,-0.7000000000000028,-1.35,54027.49,290152.005
600754.SH,2021-11-25,51.61,53.41,50.44,52.36,51.29,1.0700000000000003,2.09,54805.51,299920.033
600754.SH,2021-11-26,52.23,52.75,49.7,50.72,52.36,-1.6400000000000006,-3.13,67112.47,357053.376
600754.SH,2021-11-29,48.74,51.63,48.27,50.7,50.72,-0.01999999999999602,-0.04,87828.86,462200.166
600754.SH,2021-11-30,50.46,51.5,49.12,49.87,50.7,-0.8300000000000054,-1.64,40016.43,208917.318
600754.SH,2021-12-01,50.12,50.17,48.59,49.65,49.87,-0.21999999999999886,-0.44,46062.81,236950.327
600754.SH,2021-12-02,49.7,49.8,48.21,48.63,49.65,-1.019999999999996,-2.05,34496.98,176092.919
600754.SH,2021-12-03,48.87,50.12,48.75,49.87,48.63,1.2399999999999949,2.55,40400.68,209624.273
600754.SH,2021-12-06,49.6,49.78,48.28,49.16,49.87,-0.7100000000000009,-1.42,30930.82,158934.89
600754.SH,2021-12-07,49.9,53.52,49.9,51.2,49.16,2.0400000000000063,4.15,88234.34,476667.551
600754.SH,2021-12-08,51.11,53.25,50.27,52.38,51.2,1.1799999999999997,2.3,48329.76,264896.99
600754.SH,2021-12-09,52.28,54.3,51.62,53.88,52.38,1.5,2.86,46390.12,258666.957
600754.SH,2021-12-10,53.52,54.43,52.53,53.16,53.88,-0.720000000000006,-1.34,37944.34,210909.866
600754.SH,2021-12-13,53.08,54.11,51.81,52.24,53.16,-0.9199999999999946,-1.73,40053.9,219661.719
600754.SH,2021-12-14,51.13,53.37,50.78,52.67,52.24,0.4299999999999997,0.82,36828.32,199243.837
600754.SH,2021-12-15,52.47,53.02,51.03,51.52,52.67,-1.1499999999999986,-2.18,33181.17,179215.381
600754.SH,2021-12-16,51.4,52.14,50.47,51.77,51.52,0.25,0.49,18982.43,101999.252
600754.SH,2021-12-17,51.69,52.09,49.56,51.95,51.77,0.17999999999999972,0.35,43553.64,229875.324
600754.SH,2021-12-20,51.36,51.99,50.52,51.17,51.95,-0.7800000000000011,-1.5,27330.71,146780.562
600754.SH,2021-12-21,51.42,55.51,51.42,54.55,51.17,3.3799999999999955,6.61,79588.75,453238.816
600754.SH,2021-12-22,53.72,56.01,53.72,55.19,54.55,0.6400000000000006,1.17,58747.93,339072.305
600754.SH,2021-12-23,55.89,55.89,52.51,53.64,55.19,-1.5499999999999972,-2.81,36985.57,207812.361
600754.SH,2021-12-24,53.43,55.11,52.26,54.95,53.64,1.3100000000000023,2.44,41233.18,232874.328
600754.SH,2021-12-27,54.15,55.99,53.98,55.55,54.95,0.5999999999999943,1.09,31973.88,186261.484
600754.SH,2021-12-28,55.4,55.89,54.53,55.21,55.55,-0.3399999999999963,-0.61,27084.16,156469.147
600754.SH,2021-12-29,55.34,56.27,54.81,55.71,55.21,0.5,0.91,43767.2,254717.686
600754.SH,2021-12-30,55.43,55.71,54.08,55.28,55.71,-0.4299999999999997,-0.77,33236.45,191174.197
600754.SH,2021-12-31,54.83,56.28,54.83,56.01,55.28,0.7299999999999969,1.32,37106.45,216996.182
600754.SH,2022-01-04,56.18,57.42,55.45,57.02,56.01,1.0100000000000051,1.8,46562.67,275971.909
600754.SH,2022-01-05,57.02,57.64,54.48,55.31,57.02,-1.7100000000000009,-3.0,50053.98,291175.878
600754.SH,2022-01-06,54.62,55.55,53.91,54.4,55.31,-0.9100000000000037,-1.65,39955.8,227608.494
600754.SH,2022-01-07,54.15,55.99,52.57,53.51,54.4,-0.8900000000000006,-1.64,52437.27,296919.389
600754.SH,2022-01-10,53.09,53.73,52.01,53.33,53.51,-0.17999999999999972,-0.34,50428.54,280686.554
600754.SH,2022-01-11,53.89,54.38,52.29,52.88,53.33,-0.44999999999999574,-0.84,44450.93,246499.108
600754.SH,2022-01-12,53.15,55.63,52.57,55.21,52.88,2.3299999999999983,4.41,58175.09,333102.31
600754.SH,2022-01-13,55.22,56.97,54.1,54.94,55.21,-0.2700000000000031,-0.49,53150.38,306508.327
600754.SH,2022-01-14,54.02,55.05,53.09,54.04,54.94,-0.8999999999999986,-1.64,52423.71,294616.931
600754.SH,2022-01-17,53.43,53.72,52.15,53.04,54.04,-1.0,-1.85,60719.31,336336.519
600754.SH,2022-01-18,53.05,54.24,52.13,53.69,53.04,0.6499999999999986,1.23,39318.98,217731.946
600754.SH,2022-01-19,53.52,54.77,52.73,53.6,53.69,-0.0899999999999963,-0.17,34393.43,193423.139
600754.SH,2022-01-20,53.92,57.04,53.43,56.83,53.6,3.229999999999997,6.03,57982.37,338290.032
600754.SH,2022-01-21,57.44,58.78,55.64,55.81,56.83,-1.019999999999996,-1.79,64433.4,383039.363
600754.SH,2022-01-24,56.49,57.24,55.47,56.17,55.81,0.35999999999999943,0.65,35113.73,206984.635
600754.SH,2022-01-25,55.47,58.38,55.44,56.45,56.17,0.28000000000000114,0.5,80590.62,481506.699
600754.SH,2022-01-26,56.08,56.55,54.63,55.7,56.45,-0.75,-1.33,50738.85,294715.012
600754.SH,2022-01-27,55.15,56.65,54.0,54.47,55.7,-1.230000000000004,-2.21,41511.63,239611.794
600754.SH,2022-01-28,55.56,55.56,53.29,53.75,54.47,-0.7199999999999989,-1.32,49735.92,280763.015
600754.SH,2022-02-07,53.89,54.17,51.71,52.5,53.75,-1.25,-2.33,49094.33,270491.929
600754.SH,2022-02-08,52.41,55.85,52.41,55.53,52.5,3.030000000000001,5.77,78233.71,449208.016
600754.SH,2022-02-09,55.53,58.28,54.72,57.35,55.53,1.8200000000000003,3.28,69844.05,417303.6
600754.SH,2022-02-10,57.46,59.97,57.35,58.41,57.35,1.0599999999999952,1.85,94094.52,577106.5
600754.SH,2022-02-11,58.44,60.39,57.35,57.97,58.41,-0.4399999999999977,-0.75,98586.07,607907.695
600754.SH,2022-02-14,58.53,58.97,56.11,57.61,57.97,-0.35999999999999943,-0.62,109650.67,657399.034
600754.SH,2022-02-15,57.06,57.56,55.99,57.07,57.61,-0.5399999999999991,-0.94,54152.53,322248.885
600754.SH,2022-02-16,57.43,58.29,56.37,56.75,57.07,-0.3200000000000003,-0.56,32636.5,194427.053
600754.SH,2022-02-17,56.66,56.66,54.94,55.69,56.75,-1.0600000000000023,-1.87,45805.52,266649.171
600754.SH,2022-02-18,55.69,56.94,55.08,56.68,55.69,0.990000000000002,1.78,39076.49,229659.493
600754.SH,2022-02-21,56.6,57.93,55.97,57.2,56.68,0.5200000000000031,0.92,27323.09,162925.804
600754.SH,2022-02-22,56.94,56.94,54.38,54.57,57.2,-2.6300000000000026,-4.6,49643.59,286140.197
600754.SH,2022-02-23,54.57,55.04,53.63,53.7,54.57,-0.8699999999999974,-1.59,33436.37,188948.27
600754.SH,2022-02-24,53.48,54.57,52.38,53.48,53.7,-0.22000000000000597,-0.41,78573.56,441200.477
600754.SH,2022-02-25,53.88,54.82,53.11,53.51,53.48,0.030000000000001137,0.06,23489.47,132322.836
600754.SH,2022-02-28,52.96,53.89,51.96,53.7,53.51,0.19000000000000483,0.36,36290.5,201970.238
600754.SH,2022-03-01,53.96,54.48,53.24,53.71,53.7,0.00999999999999801,0.02,47264.33,266589.041
600754.SH,2022-03-02,53.38,54.57,52.79,53.93,53.71,0.21999999999999886,0.41,31529.85,178174.945
600754.SH,2022-03-03,54.33,57.35,53.97,56.74,53.93,2.8100000000000023,5.21,66725.02,393821.029
600754.SH,2022-03-04,56.38,57.35,55.61,57.03,56.74,0.28999999999999915,0.51,49559.22,293666.41
600754.SH,2022-03-07,56.1,56.68,53.04,53.47,57.03,-3.5600000000000023,-6.24,49073.42,279298.518
600754.SH,2022-03-08,53.04,54.08,50.13,50.46,53.47,-3.009999999999998,-5.63,84457.72,456172.308
600754.SH,2022-03-09,49.93,50.46,46.35,48.66,50.46,-1.8000000000000043,-3.57,107395.4,544721.976
600754.SH,2022-03-10,50.17,50.27,47.6,48.48,48.66,-0.17999999999999972,-0.37,66702.07,339468.753
600754.SH,2022-03-11,47.57,49.0,45.92,48.3,48.48,-0.17999999999999972,-0.37,122948.14,606059.083
600754.SH,2022-03-14,46.45,46.75,44.59,45.16,48.3,-3.1400000000000006,-6.5,145701.34,696011.833
600754.SH,2022-03-15,44.44,46.35,43.39,43.7,45.16,-1.4599999999999937,-3.23,76075.16,354934.243
600754.SH,2022-03-16,44.93,47.29,44.93,47.12,43.7,3.4199999999999946,7.83,105328.24,509703.314
600754.SH,2022-03-17,48.31,49.58,46.65,48.92,47.12,1.8000000000000043,3.82,107797.03,548906.756
600754.SH,2022-03-18,48.63,49.75,48.29,49.52,48.92,0.6000000000000014,1.23,44663.09,229837.378
600754.SH,2022-03-21,49.5,49.5,48.0,48.86,49.52,-0.6600000000000037,-1.33,58889.95,299517.918
600754.SH,2022-03-22,48.57,49.17,47.74,48.13,48.86,-0.7299999999999969,-1.49,42380.93,214333.808
600754.SH,2022-03-23,48.06,48.82,47.12,48.36,48.13,0.22999999999999687,0.48,51030.95,256760.298
600754.SH,2022-03-24,47.89,48.27,46.72,47.21,48.36,-1.1499999999999986,-2.38,36283.59,179371.456
600754.SH,2022-03-25,46.98,47.6,46.01,46.01,47.21,-1.2000000000000028,-2.54,46539.22,226633.167
600754.SH,2022-03-28,44.63,46.24,43.97,46.01,46.01,0.0,0.0,50596.89,241568.397
600754.SH,2022-03-29,46.21,48.73,45.88,47.01,46.01,1.0,2.17,68567.64,341482.962
600754.SH,2022-03-30,47.16,48.53,47.02,48.0,47.01,0.990000000000002,2.11,65313.82,326018.948
600754.SH,2022-03-31,48.08,48.1,46.84,47.54,48.0,-0.46000000000000085,-0.96,50365.27,250023.088
600754.SH,2022-04-01,47.73,50.25,47.31,49.54,47.54,2.0,4.21,89560.73,461750.864
600754.SH,2022-04-06,48.74,49.99,48.45,48.98,49.54,-0.5600000000000023,-1.13,46287.61,238366.952
600754.SH,2022-04-07,48.59,49.68,48.22,48.5,48.98,-0.4799999999999969,-0.98,39464.82,201784.316
600754.SH,2022-04-08,48.49,48.92,47.15,47.96,48.5,-0.5399999999999991,-1.11,73428.32,366584.255
600754.SH,2022-04-11,47.75,47.77,46.64,46.93,47.96,-1.0300000000000011,-2.15,45621.47,225807.82
600754.SH,2022-04-12,46.93,51.62,46.83,51.62,46.93,4.689999999999998,9.99,115201.39,605185.583
600754.SH,2022-04-13,50.56,52.02,49.7,50.23,51.62,-1.3900000000000006,-2.69,81894.57,435323.375
600754.SH,2022-04-14,51.16,53.3,50.96,51.9,50.23,1.6700000000000017,3.32,84152.9,460324.024
600754.SH,2022-04-15,51.61,52.93,51.31,51.71,51.9,-0.18999999999999773,-0.37,39971.7,217928.757
600754.SH,2022-04-18,50.72,53.48,50.23,52.91,51.71,1.1999999999999957,2.32,55527.01,304489.897
600754.SH,2022-04-19,52.38,53.33,51.37,51.61,52.91,-1.2999999999999972,-2.46,45434.44,248689.001
600754.SH,2022-04-20,51.45,53.42,51.42,52.31,51.61,0.7000000000000028,1.36,57230.3,313429.812
600754.SH,2022-04-21,52.05,52.38,49.95,50.23,52.31,-2.0800000000000054,-3.98,42496.54,225726.222
600754.SH,2022-04-22,49.88,50.21,48.37,49.42,50.23,-0.8099999999999952,-1.61,55176.66,282898.084
600754.SH,2022-04-25,48.61,49.24,46.92,47.13,49.42,-2.289999999999999,-4.63,43737.46,221544.698
600754.SH,2022-04-26,47.33,51.1,47.14,49.13,47.13,2.0,4.24,74706.1,386638.165
600754.SH,2022-04-27,49.24,51.45,48.75,51.08,49.13,1.9499999999999957,3.97,57365.65,301719.042
600754.SH,2022-04-28,50.65,52.83,49.68,50.79,51.08,-0.28999999999999915,-0.57,45587.37,242970.19
600754.SH,2022-04-29,50.8,51.39,47.56,51.32,50.79,0.5300000000000011,1.04,64472.2,333550.556
600754.SH,2022-05-05,50.37,52.76,48.41,51.73,51.32,0.4099999999999966,0.8,56390.6,300200.043
600754.SH,2022-05-06,49.7,50.46,47.76,47.76,51.73,-3.969999999999999,-7.67,53840.5,274745.632
600754.SH,2022-05-09,47.32,47.94,44.96,46.16,47.76,-1.6000000000000014,-3.35,64301.86,310569.999
600754.SH,2022-05-10,45.68,48.74,44.95,48.2,46.16,2.0400000000000063,4.42,52337.61,260906.736
600754.SH,2022-05-11,48.78,51.89,48.54,49.6,48.2,1.3999999999999986,2.9,74178.64,390192.261
600754.SH,2022-05-12,49.42,51.11,49.27,50.41,49.6,0.8099999999999952,1.63,42077.35,221497.732
600754.SH,2022-05-13,50.28,51.12,48.59,49.7,50.41,-0.7099999999999937,-1.41,38474.05,198447.931
600754.SH,2022-05-16,49.99,51.04,49.08,49.39,49.7,-0.3100000000000023,-0.62,36185.8,188997.05
600754.SH,2022-05-17,48.77,49.59,46.86,48.87,49.39,-0.5200000000000031,-1.05,47565.99,239485.514
600754.SH,2022-05-18,48.65,48.65,46.74,46.81,48.87,-2.059999999999995,-4.22,46558.83,230963.133
600754.SH,2022-05-19,46.1,47.21,45.48,46.59,46.81,-0.21999999999999886,-0.47,51792.22,250504.067
600754.SH,2022-05-20,46.63,49.11,46.16,48.25,46.59,1.6599999999999966,3.56,59181.76,297221.945
600754.SH,2022-05-23,47.88,48.24,46.06,47.0,48.25,-1.25,-2.59,47344.08,232135.715
600754.SH,2022-05-24,46.83,47.93,45.52,45.68,47.0,-1.3200000000000003,-2.81,54074.11,265026.319
600754.SH,2022-05-25,45.69,47.47,45.05,47.17,45.68,1.490000000000002,3.26,58647.15,285726.649
600754.SH,2022-05-26,47.1,49.28,46.81,48.52,47.17,1.3500000000000014,2.86,49618.2,249948.189
600754.SH,2022-05-27,48.74,50.55,48.73,49.75,48.52,1.2299999999999969,2.54,45962.63,239809.597
600754.SH,2022-05-30,50.7,52.47,49.77,52.36,49.75,2.6099999999999994,5.25,69139.52,372751.468
600754.SH,2022-05-31,52.27,52.55,50.98,51.62,52.36,-0.740000000000002,-1.41,48117.58,260176.245
600754.SH,2022-06-01,51.15,52.35,48.85,49.27,51.62,-2.3499999999999943,-4.55,74040.76,386667.315
600754.SH,2022-06-02,49.32,49.5,48.15,48.76,49.27,-0.5100000000000051,-1.04,60370.74,308173.975
600754.SH,2022-06-06,48.73,49.37,47.43,48.66,48.76,-0.10000000000000142,-0.21,79935.3,405130.527
600754.SH,2022-06-07,48.74,49.8,48.28,49.08,48.66,0.4200000000000017,0.86,58326.64,299150.78
600754.SH,2022-06-08,49.03,51.13,48.39,51.11,49.08,2.030000000000001,4.14,69765.46,364718.863
600754.SH,2022-06-09,50.66,51.66,48.65,49.7,51.11,-1.4099999999999966,-2.76,90644.5,470920.813
600754.SH,2022-06-10,49.22,50.37,48.9,49.4,49.7,-0.30000000000000426,-0.6,76598.15,396831.599
600754.SH,2022-06-13,48.74,49.31,47.31,47.79,49.4,-1.6099999999999994,-3.26,85716.6,428574.577
600754.SH,2022-06-14,47.6,48.9,47.21,48.75,47.79,0.9600000000000009,2.01,46744.79,235989.952
600754.SH,2022-06-15,49.27,50.6,48.65,49.33,48.75,0.5799999999999983,1.19,61217.22,318654.895
600754.SH,2022-06-16,49.06,50.04,48.28,48.93,49.33,-0.3999999999999986,-0.81,42389.51,217849.934
600754.SH,2022-06-17,48.96,49.95,48.48,49.65,48.93,0.7199999999999989,1.47,42665.48,221032.848
600754.SH,2022-06-20,49.8,52.31,49.59,51.9,49.65,2.25,4.53,67074.25,361524.496
600754.SH,2022-06-21,51.61,53.71,51.16,52.75,51.9,0.8500000000000014,1.64,54742.06,302099.431
600754.SH,2022-06-22,52.88,54.05,52.0,53.55,52.75,0.7999999999999972,1.52,55389.59,309234.692
600754.SH,2022-06-23,53.81,53.99,52.77,53.05,53.55,-0.5,-0.93,33155.57,184784.55
600754.SH,2022-06-24,53.03,55.24,51.81,53.86,53.05,0.8100000000000023,1.53,53306.08,296499.846
600754.SH,2022-06-27,54.57,58.45,54.0,56.55,53.86,2.6899999999999977,4.99,97219.96,580843.155
600754.SH,2022-06-28,56.15,60.69,55.62,58.6,56.55,2.0500000000000043,3.63,85632.21,519699.784
600754.SH,2022-06-29,59.1,60.69,56.47,57.73,58.6,-0.8700000000000045,-1.48,111296.11,680498.246
600754.SH,2022-06-30,59.18,60.4,57.78,60.12,57.73,2.3900000000000006,4.14,106311.18,661612.481
600754.SH,2022-07-01,58.36,60.58,56.21,58.67,60.12,-1.4499999999999957,-2.41,84732.26,517542.241
600754.SH,2022-07-04,58.02,60.63,56.87,59.19,58.67,0.519999999999996,0.89,53645.35,331891.688
600754.SH,2022-07-05,58.9,58.91,56.36,56.93,59.19,-2.259999999999998,-3.82,64144.92,384528.375
600754.SH,2022-07-06,55.68,57.35,54.64,56.05,56.93,-0.8800000000000026,-1.55,73675.21,431069.467
600754.SH,2022-07-07,55.89,58.86,55.21,57.58,56.05,1.5300000000000011,2.73,73085.89,441695.406
600754.SH,2022-07-08,58.53,59.21,56.2,57.03,57.58,-0.5499999999999972,-0.96,49696.3,295278.15
600754.SH,2022-07-11,56.44,56.8,54.94,56.06,57.03,-0.9699999999999989,-1.7,45351.12,263996.221
600754.SH,2022-07-12,56.06,56.41,54.82,55.48,56.06,-0.5800000000000054,-1.03,39091.33,226918.255
600754.SH,2022-07-13,55.82,56.98,55.25,56.29,55.48,0.8100000000000023,1.46,37992.85,223723.532
600754.SH,2022-07-14,56.2,57.92,55.85,56.53,56.29,0.240000000000002,0.43,54580.05,325121.131
600754.SH,2022-07-15,55.97,61.11,55.97,59.31,56.53,2.780000000000001,4.92,86312.13,536022.407
600754.SH,2022-07-18,59.11,61.56,58.02,60.41,59.31,1.0999999999999943,1.85,70844.27,443615.165
600754.SH,2022-07-19,60.95,61.7,56.9,58.86,60.41,-1.5499999999999972,-2.57,57718.4,353281.043
600754.SH,2022-07-20,58.06,61.6,58.04,61.13,58.86,2.270000000000003,3.86,41812.8,265088.434
600754.SH,2022-07-21,60.78,62.18,59.9,61.18,61.13,0.04999999999999716,0.08,26042.09,166602.653
600754.SH,2022-07-22,60.54,61.13,59.23,59.55,61.18,-1.6300000000000026,-2.66,35285.25,220962.621
600754.SH,2022-07-25,59.23,61.22,58.89,61.1,59.55,1.5500000000000043,2.6,38255.09,240770.007
600754.SH,2022-07-26,61.6,64.08,60.46,61.65,61.1,0.5499999999999972,0.9,67441.25,440829.529
600754.SH,2022-07-27,60.93,61.6,59.8,60.27,61.65,-1.3799999999999955,-2.24,32063.81,202780.987
600754.SH,2022-07-28,60.79,62.66,60.15,61.27,60.27,1.0,1.66,27029.01,174248.621
600754.SH,2022-07-29,61.23,61.23,58.61,59.15,61.27,-2.1200000000000045,-3.46,48549.73,301758.932
600754.SH,2022-08-01,59.15,60.63,58.26,60.24,59.15,1.0900000000000034,1.84,35751.71,222012.31
600754.SH,2022-08-02,59.13,60.74,58.54,60.12,60.24,-0.12000000000000455,-0.2,36860.73,231629.003
600754.SH,2022-08-03,60.19,60.69,57.25,59.04,60.12,-1.0799999999999983,-1.8,64348.79,394039.727
600754.SH,2022-08-04,59.58,59.83,56.61,58.17,59.04,-0.8699999999999974,-1.47,42828.2,257918.472
600754.SH,2022-08-05,58.35,58.76,56.94,57.4,58.17,-0.7700000000000031,-1.32,30143.0,181274.576
600754.SH,2022-08-08,57.11,58.21,55.59,56.72,57.4,-0.6799999999999997,-1.18,45523.0,270368.175
600754.SH,2022-08-09,56.43,56.92,55.38,55.95,56.72,-0.769999999999996,-1.36,61662.88,360626.804
600754.SH,2022-08-10,56.05,56.13,54.99,55.33,55.95,-0.6200000000000045,-1.11,33349.54,193223.068
600754.SH,2022-08-11,55.34,56.98,54.91,56.18,55.33,0.8500000000000014,1.54,51519.52,301759.459
600754.SH,2022-08-12,56.19,57.59,54.97,57.11,56.18,0.9299999999999997,1.66,61172.19,358808.457
600754.SH,2022-08-15,56.49,57.39,55.12,55.81,57.11,-1.2999999999999972,-2.28,51253.93,298849.61
600754.SH,2022-08-16,55.62,55.62,54.1,54.48,55.81,-1.3300000000000054,-2.38,53191.84,304360.202
600754.SH,2022-08-17,54.57,56.24,53.57,55.16,54.48,0.6799999999999997,1.25,66541.44,383468.558
600754.SH,2022-08-18,54.68,54.96,53.28,53.29,55.16,-1.8699999999999974,-3.39,45057.41,253710.334
600754.SH,2022-08-19,53.19,54.38,52.97,53.86,53.29,0.5700000000000003,1.07,25962.35,146074.425
600754.SH,2022-08-22,53.99,54.81,53.14,54.24,53.86,0.38000000000000256,0.71,62498.68,354488.036
600754.SH,2022-08-23,53.61,55.21,52.9,54.95,54.24,0.7100000000000009,1.31,59016.62,336483.082
600754.SH,2022-08-24,54.91,55.46,53.55,53.64,54.95,-1.3100000000000023,-2.38,34231.86,193359.293
600754.SH,2022-08-25,53.96,56.3,53.23,56.06,53.64,2.4200000000000017,4.51,42475.49,246341.893
600754.SH,2022-08-26,56.45,58.32,55.67,57.39,56.06,1.3299999999999983,2.37,58528.02,351769.574
600754.SH,2022-08-29,57.05,58.34,56.27,56.72,57.39,-0.6700000000000017,-1.17,29785.59,177463.638
600754.SH,2022-08-30,56.28,57.38,55.34,56.82,56.72,0.10000000000000142,0.18,47385.46,279905.598
600754.SH,2022-08-31,56.82,57.66,54.73,55.21,56.82,-1.6099999999999994,-2.83,55313.81,321015.163
600754.SH,2022-09-01,55.34,55.47,52.02,52.2,55.21,-3.009999999999998,-5.45,61710.35,343332.952
600754.SH,2022-09-02,52.5,53.09,50.89,52.0,52.2,-0.20000000000000284,-0.38,50167.85,271108.829
600754.SH,2022-09-05,51.75,52.53,50.05,50.98,52.0,-1.0200000000000031,-1.96,48774.0,258718.455
600754.SH,2022-09-06,50.89,53.23,50.73,52.81,50.98,1.8300000000000054,3.59,40617.39,222261.005
600754.SH,2022-09-07,52.13,54.18,52.09,53.23,52.81,0.4199999999999946,0.8,36421.33,202386.172
600754.SH,2022-09-08,53.45,55.18,53.24,54.31,53.23,1.0800000000000054,2.03,43834.38,249746.715
600754.SH,2022-09-09,54.05,54.69,53.03,54.2,54.31,-0.10999999999999943,-0.2,26470.59,149641.546
600754.SH,2022-09-13,54.56,56.49,53.76,55.91,54.2,1.7099999999999937,3.15,46237.54,268975.538
600754.SH,2022-09-14,55.1,56.71,54.39,55.66,55.91,-0.25,-0.45,22201.56,129027.752
600754.SH,2022-09-15,55.94,56.06,54.31,55.11,55.66,-0.5499999999999972,-0.99,22536.5,129454.515
600754.SH,2022-09-16,55.05,57.14,54.81,54.93,55.11,-0.17999999999999972,-0.33,50473.47,294855.455
600754.SH,2022-09-19,54.38,56.55,54.38,56.23,54.93,1.2999999999999972,2.37,43751.02,255448.444
600754.SH,2022-09-20,56.22,56.98,55.2,56.68,56.23,0.45000000000000284,0.8,35482.08,208710.458
600754.SH,2022-09-21,57.2,57.35,54.32,54.52,56.68,-2.1599999999999966,-3.81,32254.52,186642.111
600754.SH,2022-09-22,54.33,55.19,53.64,54.33,54.52,-0.19000000000000483,-0.35,26839.72,152676.255
600754.SH,2022-09-23,54.3,54.81,53.09,53.67,54.33,-0.6599999999999966,-1.21,36573.46,205973.375
600754.SH,2022-09-26,53.73,56.53,53.19,54.88,53.67,1.2100000000000009,2.25,53680.46,311069.651
600754.SH,2022-09-27,54.96,58.49,54.09,58.13,54.88,3.25,5.92,82554.68,492175.24
600754.SH,2022-09-28,57.94,58.34,56.72,57.58,58.13,-0.5500000000000043,-0.95,45427.1,274282.769
600754.SH,2022-09-29,57.49,58.49,56.44,56.77,57.58,-0.8099999999999952,-1.41,56571.46,338907.303
600754.SH,2022-09-30,56.72,57.09,54.52,55.15,56.77,-1.6200000000000045,-2.85,40442.6,235070.233
600754.SH,2022-10-10,55.05,55.37,53.57,54.05,55.15,-1.1000000000000014,-1.99,35958.3,203741.323
600754.SH,2022-10-11,54.05,54.24,51.68,52.85,54.05,-1.1999999999999957,-2.22,34465.03,189293.125
600754.SH,2022-10-12,52.45,53.97,51.52,53.71,52.85,0.8599999999999994,1.63,47007.3,258429.215
600754.SH,2022-10-13,53.47,56.06,53.1,54.27,53.71,0.5600000000000023,1.04,56257.17,322999.337
600754.SH,2022-10-14,54.52,55.26,54.12,54.68,54.27,0.4099999999999966,0.76,37150.12,212559.095
600754.SH,2022-10-17,54.44,55.4,52.74,54.97,54.68,0.28999999999999915,0.53,29710.76,168840.961
600754.SH,2022-10-18,55.29,56.91,53.29,54.11,54.97,-0.8599999999999994,-1.56,57327.6,326852.009
600754.SH,2022-10-19,53.79,54.4,51.5,52.42,54.11,-1.6899999999999977,-3.12,45533.99,250670.002
600754.SH,2022-10-20,51.89,54.73,51.46,52.8,52.42,0.37999999999999545,0.72,64142.87,353819.844
600754.SH,2022-10-21,52.61,54.14,51.55,52.8,52.8,0.0,0.0,39219.8,218337.56
600754.SH,2022-10-24,52.66,52.66,49.84,50.12,52.8,-2.6799999999999997,-5.08,39597.77,210788.527
600754.SH,2022-10-25,49.58,52.42,49.37,51.68,50.12,1.5600000000000023,3.11,42744.04,229696.692
600754.SH,2022-10-26,51.88,55.36,51.66,54.52,51.68,2.8400000000000034,5.5,88479.55,501360.125
600754.SH,2022-10-27,54.52,57.3,54.01,55.19,54.52,0.6699999999999946,1.23,69295.1,404550.694
600754.SH,2022-10-28,55.26,57.16,53.67,53.96,55.19,-1.2299999999999969,-2.23,43407.08,250561.366
600754.SH,2022-10-31,53.25,53.95,50.94,52.11,53.96,-1.8500000000000014,-3.43,57842.86,314819.921
600754.SH,2022-11-01,51.79,56.3,50.81,56.14,52.11,4.030000000000001,7.73,86437.43,487518.941
600754.SH,2022-11-02,54.52,60.06,54.27,55.36,56.14,-0.7800000000000011,-1.39,157881.28,931070.248
600754.SH,2022-11-03,54.68,56.02,54.05,54.15,55.36,-1.2100000000000009,-2.19,58145.34,332099.611
600754.SH,2022-11-04,54.39,57.2,53.86,55.84,54.15,1.6900000000000048,3.12,87183.6,510304.403
600754.SH,2022-11-07,55.13,56.22,53.76,54.45,55.84,-1.3900000000000006,-2.49,50695.44,289659.267
600754.SH,2022-11-08,54.43,54.89,52.71,52.9,54.45,-1.5500000000000043,-2.85,46996.1,262832.097
600754.SH,2022-11-09,52.9,53.43,51.19,51.51,52.9,-1.3900000000000006,-2.63,86484.42,469916.604
600754.SH,2022-11-10,51.22,52.78,51.01,52.23,51.51,0.7199999999999989,1.4,81984.47,444803.992
600754.SH,2022-11-11,53.66,54.97,51.03,53.05,52.23,0.8200000000000003,1.57,163108.32,901905.699
600754.SH,2022-11-14,51.92,52.32,49.52,50.7,53.05,-2.3499999999999943,-4.43,133681.59,707451.846
600754.SH,2022-11-15,50.35,51.66,50.12,50.87,50.7,0.1699999999999946,0.34,98739.29,525080.732
600754.SH,2022-11-16,51.49,51.85,49.91,50.87,50.87,0.0,0.0,82236.91,438350.052
600754.SH,2022-11-17,50.12,51.56,50.12,50.67,50.87,-0.19999999999999574,-0.39,41192.96,218792.843
600754.SH,2022-11-18,50.38,50.73,49.37,49.51,50.67,-1.1600000000000037,-2.29,64602.97,335634.385
600754.SH,2022-11-21,48.79,48.79,47.06,47.54,49.51,-1.9699999999999989,-3.98,100117.08,497042.122
600754.SH,2022-11-22,47.37,48.18,47.11,47.58,47.54,0.03999999999999915,0.08,57063.19,283917.657
600754.SH,2022-11-23,47.42,47.45,46.27,47.31,47.58,-0.269999999999996,-0.57,36160.65,177408.021
600754.SH,2022-11-24,47.05,47.45,45.7,46.2,47.31,-1.1099999999999994,-2.35,71608.15,347211.461
600754.SH,2022-11-25,46.28,47.14,45.92,47.0,46.2,0.7999999999999972,1.73,61642.92,300794.346
600754.SH,2022-11-28,46.2,50.51,46.01,49.98,47.0,2.979999999999997,6.34,111092.55,567317.899
600754.SH,2022-11-29,49.54,53.14,49.53,52.67,49.98,2.690000000000005,5.38,162611.11,884503.552
600754.SH,2022-11-30,52.4,54.05,51.39,53.09,52.67,0.4200000000000017,0.8,107530.1,593894.169
600754.SH,2022-12-01,54.74,55.05,51.08,51.64,53.09,-1.4500000000000028,-2.73,148776.17,814098.341
600754.SH,2022-12-02,51.7,52.85,51.64,52.25,51.64,0.6099999999999994,1.18,54622.69,298265.69
600754.SH,2022-12-05,52.95,53.64,51.29,52.18,52.25,-0.07000000000000028,-0.13,74121.17,407133.673
600754.SH,2022-12-06,52.35,54.31,52.19,53.09,52.18,0.9100000000000037,1.74,58714.89,326411.232
600754.SH,2022-12-07,52.98,55.1,52.5,53.68,53.09,0.5899999999999963,1.11,93764.61,527251.021
600754.SH,2022-12-08,54.03,54.04,52.86,53.52,53.68,-0.1599999999999966,-0.3,63940.37,356732.651
600754.SH,2022-12-09,53.51,53.51,51.89,52.59,53.52,-0.9299999999999997,-1.74,67467.43,370255.833
600754.SH,2022-12-12,52.13,55.18,52.13,54.62,52.59,2.029999999999994,3.86,98470.14,558201.427
600754.SH,2022-12-13,54.49,57.37,53.64,55.55,54.62,0.9299999999999997,1.7,91286.46,534787.554
600754.SH,2022-12-14,55.58,56.69,55.08,56.43,55.55,0.8800000000000026,1.58,78578.61,460975.658
600754.SH,2022-12-15,56.59,57.01,54.53,54.91,56.43,-1.5200000000000031,-2.69,45620.96,263118.988
600754.SH,2022-12-16,54.91,55.89,54.3,55.41,54.91,0.5,0.91,31118.83,179638.068
600754.SH,2022-12-19,54.87,55.6,54.05,54.47,55.41,-0.9399999999999977,-1.7,41372.75,235780.72
600754.SH,2022-12-20,54.41,54.51,52.54,52.95,54.47,-1.519999999999996,-2.79,38620.74,214458.344
600754.SH,2022-12-21,53.18,55.0,52.72,54.33,52.95,1.3799999999999955,2.61,46940.96,266590.66
600754.SH,2022-12-22,54.29,55.65,53.59,54.92,54.33,0.5900000000000034,1.09,50268.23,288923.779
600754.SH,2022-12-23,54.94,55.46,53.94,54.6,54.92,-0.3200000000000003,-0.58,24428.15,139558.217
600754.SH,2022-12-26,54.33,57.76,53.67,55.62,54.6,1.019999999999996,1.87,62387.15,366388.956
600754.SH,2022-12-27,56.01,57.06,55.11,56.06,55.62,0.44000000000000483,0.79,58587.51,343733.977
600754.SH,2022-12-28,56.15,56.42,55.16,55.58,56.06,-0.480000000000004,-0.86,53547.18,310825.338
600754.SH,2022-12-29,55.16,56.39,54.7,55.7,55.58,0.12000000000000455,0.22,41898.5,244606.067
600754.SH,2022-12-30,55.48,56.2,55.11,55.82,55.7,0.11999999999999744,0.22,39781.18,232197.979
600754.SH,2023-01-03,55.84,55.86,54.53,55.26,55.82,-0.5600000000000023,-1.0,46500.66,268242.372
600754.SH,2023-01-04,54.98,55.26,54.22,54.52,55.26,-0.7399999999999949,-1.34,55783.84,318114.235
600754.SH,2023-01-05,54.41,55.74,54.14,55.4,54.52,0.8799999999999955,1.61,42646.37,246302.391
600754.SH,2023-01-06,55.41,55.41,53.4,54.08,55.4,-1.3200000000000003,-2.38,59068.06,333184.235
600754.SH,2023-01-09,54.2,54.9,53.14,54.3,54.08,0.21999999999999886,0.41,79427.57,446326.761
600754.SH,2023-01-10,54.3,55.08,53.49,54.46,54.3,0.1600000000000037,0.29,69406.59,394684.067
600754.SH,2023-01-11,54.46,54.68,53.29,53.57,54.46,-0.8900000000000006,-1.63,50506.88,284263.056
600754.SH,2023-01-12,53.57,53.74,52.98,53.54,53.57,-0.030000000000001137,-0.06,49339.8,275185.355
600754.SH,2023-01-13,53.43,56.2,52.82,55.28,53.54,1.740000000000002,3.25,88680.42,508596.745
600754.SH,2023-01-16,55.1,55.38,53.82,54.52,55.28,-0.759999999999998,-1.37,86906.87,495905.986
600754.SH,2023-01-17,54.58,54.91,53.66,54.19,54.52,-0.3300000000000054,-0.61,57705.88,327924.0
600754.SH,2023-01-18,54.25,55.26,53.59,53.99,54.19,-0.19999999999999574,-0.37,51759.47,292802.3
600754.SH,2023-01-19,53.66,54.96,53.51,54.78,53.99,0.7899999999999991,1.46,38836.81,220265.991
600754.SH,2023-01-20,55.07,57.07,54.53,55.26,54.78,0.4799999999999969,0.88,53248.21,309754.606
600754.SH,2023-01-30,56.44,59.24,55.96,56.53,55.26,1.2700000000000031,2.3,156916.83,938424.471
600754.SH,2023-01-31,56.58,56.98,54.41,55.0,56.53,-1.5300000000000011,-2.71,71582.15,412182.715
600754.SH,2023-02-01,54.86,55.05,53.84,54.33,55.0,-0.6700000000000017,-1.22,67820.17,384911.482
600754.SH,2023-02-02,54.38,54.98,54.03,54.6,54.33,0.2700000000000031,0.5,42493.52,242189.699
600754.SH,2023-02-03,54.52,54.8,53.47,54.57,54.6,-0.030000000000001137,-0.05,37147.68,210110.302
600754.SH,2023-02-06,54.3,54.57,53.74,54.28,54.57,-0.28999999999999915,-0.53,25774.64,146031.911
600754.SH,2023-02-07,54.33,54.52,53.2,53.57,54.28,-0.7100000000000009,-1.31,32551.5,182673.645
600754.SH,2023-02-08,53.28,55.16,53.19,54.35,53.57,0.7800000000000011,1.46,44903.06,255815.331
600754.SH,2023-02-09,54.27,56.94,54.06,56.79,54.35,2.4399999999999977,4.49,89533.6,527080.552
600754.SH,2023-02-10,56.7,60.89,56.44,60.29,56.79,3.5,6.16,127358.65,792577.273
600754.SH,2023-02-13,60.39,63.03,60.26,61.75,60.29,1.4600000000000009,2.42,121883.04,786878.784
600754.SH,2023-02-14,61.77,62.61,60.74,61.32,61.75,-0.4299999999999997,-0.7,60084.46,385644.484
600754.SH,2023-02-15,61.7,61.96,60.15,60.8,61.32,-0.5200000000000031,-0.85,34036.86,216246.047
600754.SH,2023-02-16,60.84,63.8,60.84,63.07,60.8,2.270000000000003,3.73,71835.7,471379.394
600754.SH,2023-02-17,62.18,63.77,61.13,61.54,63.07,-1.5300000000000011,-2.43,76086.12,493686.065
600754.SH,2023-02-20,61.21,62.83,60.87,61.99,61.54,0.45000000000000284,0.73,56067.97,364038.88
600754.SH,2023-02-21,62.17,63.11,60.67,61.63,61.99,-0.35999999999999943,-0.58,52443.15,336403.206
600754.SH,2023-02-22,61.41,61.7,59.79,60.06,61.63,-1.5700000000000003,-2.55,61343.4,387277.057
600754.SH,2023-02-23,60.36,60.67,59.21,59.88,60.06,-0.17999999999999972,-0.3,54645.71,341210.044
600754.SH,2023-02-24,59.69,59.7,58.35,58.93,59.88,-0.9500000000000028,-1.59,55748.39,342312.517
600754.SH,2023-02-27,58.9,60.58,58.21,59.49,58.93,0.5600000000000023,0.95,61097.54,379852.598
600754.SH,2023-02-28,59.26,60.58,58.94,59.31,59.49,-0.17999999999999972,-0.3,47518.02,296659.078
600754.SH,2023-03-01,59.33,60.58,58.88,60.17,59.31,0.8599999999999994,1.45,51450.2,322809.091
600754.SH,2023-03-02,60.47,61.21,59.59,60.34,60.17,0.1700000000000017,0.28,35304.44,222830.21
600754.SH,2023-03-03,60.52,61.33,59.43,60.64,60.34,0.29999999999999716,0.5,38055.52,240241.531
600754.SH,2023-03-06,60.63,63.07,60.47,62.46,60.64,1.8200000000000003,3.0,68940.64,447580.168
600754.SH,2023-03-07,62.42,62.76,61.44,61.68,62.46,-0.7800000000000011,-1.25,43051.2,279328.576
600754.SH,2023-03-08,61.65,62.15,60.98,61.41,61.68,-0.2700000000000031,-0.44,31059.91,199406.593
600754.SH,2023-03-09,61.42,61.63,60.49,61.13,61.41,-0.27999999999999403,-0.46,28318.19,180964.754
600754.SH,2023-03-10,60.65,61.64,59.3,59.46,61.13,-1.6700000000000017,-2.73,47206.19,295934.375
600754.SH,2023-03-13,59.46,59.88,58.83,59.45,59.46,-0.00999999999999801,-0.02,30382.34,188474.548
600754.SH,2023-03-14,59.55,59.55,57.2,57.59,59.45,-1.8599999999999994,-3.13,54751.49,331104.544
600754.SH,2023-03-15,57.67,57.67,56.25,56.62,57.59,-0.970000000000006,-1.68,36371.67,215829.13
600754.SH,2023-03-16,56.63,57.0,55.86,56.53,56.62,-0.0899999999999963,-0.16,26741.8,157757.79
600754.SH,2023-03-17,56.34,56.77,55.58,55.86,56.53,-0.6700000000000017,-1.19,38288.8,224848.982
600754.SH,2023-03-20,55.88,57.86,55.73,57.22,55.86,1.3599999999999994,2.43,70739.4,423076.89
600754.SH,2023-03-21,56.82,58.31,56.73,58.06,57.22,0.8400000000000034,1.47,38374.87,231638.702
600754.SH,2023-03-22,57.98,58.34,56.45,56.99,58.06,-1.0700000000000003,-1.84,38363.68,229888.066
600754.SH,2023-03-23,56.51,56.95,55.39,56.2,56.99,-0.7899999999999991,-1.39,58444.21,341518.665
600754.SH,2023-03-24,56.21,56.72,55.48,55.84,56.2,-0.35999999999999943,-0.64,34560.33,202656.281
600754.SH,2023-03-27,55.84,57.94,54.86,57.76,55.84,1.9199999999999946,3.44,70818.36,419868.751
600754.SH,2023-03-28,57.28,57.77,56.77,57.06,57.76,-0.6999999999999957,-1.21,30972.23,185399.043
600754.SH,2023-03-29,57.2,59.31,56.8,57.97,57.06,0.9099999999999966,1.59,55937.82,341140.92
600754.SH,2023-03-30,58.05,61.41,58.05,61.22,57.97,3.25,5.61,69129.65,434372.844
600754.SH,2023-03-31,60.72,61.13,59.49,60.18,61.22,-1.0399999999999991,-1.7,54883.92,345831.927
600754.SH,2023-04-03,59.88,62.27,59.88,61.37,60.18,1.1899999999999977,1.98,59748.35,382832.68
600754.SH,2023-04-04,61.79,63.44,61.37,62.95,61.37,1.5800000000000054,2.57,78343.55,511051.062
600754.SH,2023-04-06,62.8,65.04,61.9,63.68,62.95,0.7299999999999969,1.16,45471.58,300897.958
600754.SH,2023-04-07,63.68,65.1,62.17,62.47,63.68,-1.2100000000000009,-1.9,50778.79,335990.407
600754.SH,2023-04-10,62.47,63.77,61.91,62.96,62.47,0.490000000000002,0.78,52700.52,346635.331
600754.SH,2023-04-11,63.08,64.22,61.66,62.17,62.96,-0.7899999999999991,-1.25,68291.57,445758.866
600754.SH,2023-04-12,62.18,62.18,55.95,56.22,62.17,-5.950000000000003,-9.57,209805.81,1254634.836
600754.SH,2023-04-13,55.75,57.35,55.16,56.99,56.22,0.7700000000000031,1.37,134209.65,791825.069
600754.SH,2023-04-14,57.0,57.0,54.14,54.61,56.99,-2.3800000000000026,-4.18,137785.72,790035.501
600754.SH,2023-04-17,55.18,57.2,55.18,56.03,54.61,1.4200000000000017,2.6,157226.11,926725.723
600754.SH,2023-04-18,56.25,56.57,54.53,54.81,56.03,-1.2199999999999989,-2.18,94808.35,544991.449
600754.SH,2023-04-19,54.52,55.1,54.22,54.81,54.81,0.0,0.0,70746.16,403747.279
600754.SH,2023-04-20,54.43,54.77,53.57,54.09,54.81,-0.7199999999999989,-1.31,80233.55,453114.081
600754.SH,2023-04-21,54.05,54.5,51.06,51.43,54.09,-2.6600000000000037,-4.92,135901.93,740749.568
600754.SH,2023-04-24,51.12,51.18,48.29,49.05,51.43,-2.3800000000000026,-4.63,214951.25,1101235.286
600754.SH,2023-04-25,49.01,50.02,48.31,49.06,49.05,0.010000000000005116,0.02,144042.0,737370.682
600754.SH,2023-04-26,49.38,50.9,48.96,50.09,49.06,1.0300000000000011,2.1,101310.36,528122.03
600754.SH,2023-04-27,50.09,51.85,49.45,51.56,50.09,1.4699999999999989,2.93,119309.43,638028.463
600754.SH,2023-04-28,51.32,51.83,50.08,51.17,51.56,-0.39000000000000057,-0.76,113939.13,607412.328
600754.SH,2023-05-04,50.03,50.68,48.42,49.42,51.17,-1.75,-3.42,117419.51,604330.15
600754.SH,2023-05-05,49.47,50.67,49.21,49.53,49.42,0.10999999999999943,0.22,67539.34,351762.196
600754.SH,2023-05-08,49.53,49.53,46.86,47.62,49.53,-1.9100000000000037,-3.86,91480.85,454967.308
600754.SH,2023-05-09,47.35,48.0,46.78,47.26,47.62,-0.35999999999999943,-0.76,84574.52,418513.149
600754.SH,2023-05-10,47.16,47.62,46.37,47.34,47.26,0.0800000000000054,0.17,58670.38,288167.305
600754.SH,2023-05-11,47.35,47.79,47.06,47.18,47.34,-0.1600000000000037,-0.34,32318.61,159720.514
600754.SH,2023-05-12,46.97,47.14,45.94,46.2,47.18,-0.9799999999999969,-2.08,81708.66,396080.385
600754.SH,2023-05-15,46.03,47.42,45.47,47.17,46.2,0.9699999999999989,2.1,59517.01,289087.937
600754.SH,2023-05-16,47.16,48.35,46.88,47.23,47.17,0.05999999999999517,0.13,54929.9,273515.137
600754.SH,2023-05-17,46.99,47.12,46.42,46.53,47.23,-0.6999999999999957,-1.48,27578.39,134579.528
600754.SH,2023-05-18,46.71,46.75,44.99,45.21,46.53,-1.3200000000000003,-2.84,105542.37,501117.704
600754.SH,2023-05-19,44.97,45.76,44.73,45.58,45.21,0.36999999999999744,0.82,46431.78,220278.968
600754.SH,2023-05-22,45.73,47.9,44.84,47.21,45.58,1.6300000000000026,3.58,90231.01,443240.41
600754.SH,2023-05-23,47.06,47.16,45.83,46.0,47.21,-1.2100000000000009,-2.56,75188.35,364315.913
600754.SH,2023-05-24,45.92,45.99,44.98,45.03,46.0,-0.9699999999999989,-2.11,43433.37,206038.075
600754.SH,2023-05-25,44.96,44.96,44.05,44.42,45.03,-0.6099999999999994,-1.35,40492.17,187915.241
600754.SH,2023-05-26,44.48,45.2,44.27,45.09,44.42,0.6700000000000017,1.51,37794.98,177017.256
600754.SH,2023-05-29,44.78,45.21,43.78,44.12,45.09,-0.970000000000006,-2.15,52924.91,244572.603
600754.SH,2023-05-30,44.11,44.24,43.24,44.06,44.12,-0.05999999999999517,-0.14,40466.33,184815.281
600754.SH,2023-05-31,43.69,44.96,43.53,44.85,44.06,0.7899999999999991,1.79,73258.84,342014.448
600754.SH,2023-06-01,44.71,45.06,43.8,43.88,44.85,-0.9699999999999989,-2.16,63960.18,295928.339
600754.SH,2023-06-02,43.88,44.45,43.38,44.22,43.88,0.3399999999999963,0.77,65733.97,301874.214
600754.SH,2023-06-05,44.41,46.09,43.95,45.79,44.22,1.5700000000000003,3.55,105146.46,497558.113
600754.SH,2023-06-06,45.81,46.18,44.85,45.11,45.79,-0.6799999999999997,-1.49,53615.3,254883.112
600754.SH,2023-06-07,44.96,45.91,44.86,45.6,45.11,0.490000000000002,1.09,53026.77,252529.924
600754.SH,2023-06-08,45.43,45.86,44.77,45.66,45.6,0.05999999999999517,0.13,57876.21,274607.469
600754.SH,2023-06-09,45.62,46.09,44.48,45.97,45.66,0.3100000000000023,0.68,139454.23,662664.223
600754.SH,2023-06-12,45.68,46.12,44.27,45.24,45.97,-0.7299999999999969,-1.59,95695.87,451705.626
600754.SH,2023-06-13,45.21,45.77,44.98,45.34,45.24,0.10000000000000142,0.22,44341.32,210718.505
600754.SH,2023-06-14,45.34,47.12,45.31,46.6,45.34,1.259999999999998,2.78,105666.06,513523.304
600754.SH,2023-06-15,46.6,47.83,46.16,47.75,46.6,1.1499999999999986,2.47,74533.33,368072.987
600754.SH,2023-06-16,47.8,47.82,46.59,47.17,47.75,-0.5799999999999983,-1.21,51134.18,251998.871
600754.SH,2023-06-19,47.17,47.22,46.07,46.43,47.17,-0.740000000000002,-1.57,49309.69,239809.976
600754.SH,2023-06-20,46.07,46.28,44.77,45.0,46.43,-1.4299999999999997,-3.08,63597.77,300916.931
600754.SH,2023-06-21,44.82,46.19,44.82,45.14,45.0,0.14000000000000057,0.31,72228.01,343587.832
600754.SH,2023-06-26,44.87,44.87,43.6,44.24,45.14,-0.8999999999999986,-1.99,52796.77,243455.909
600754.SH,2023-06-27,44.43,45.08,43.36,43.56,44.24,-0.6799999999999997,-1.54,80641.61,369982.292
600754.SH,2023-06-28,43.2,43.48,42.04,42.54,43.56,-1.0200000000000031,-2.34,93601.96,415285.976
600754.SH,2023-06-29,42.75,42.76,40.94,41.03,42.54,-1.509999999999998,-3.55,83407.34,360696.617
600754.SH,2023-06-30,41.03,41.22,40.32,40.55,41.03,-0.480000000000004,-1.17,79989.79,339883.235
600754.SH,2023-07-03,40.53,44.0,40.4,43.52,40.55,2.970000000000006,7.32,174532.67,774943.04
600754.SH,2023-07-04,43.09,43.85,42.6,43.47,43.52,-0.05000000000000426,-0.11,71026.41,321096.253
600754.SH,2023-07-05,43.23,43.74,42.42,42.71,43.47,-0.759999999999998,-1.75,63751.98,284537.443
600754.SH,2023-07-06,42.38,44.32,42.33,43.06,42.71,0.3500000000000014,0.82,76488.06,347023.834
600754.SH,2023-07-07,43.07,44.91,42.9,43.17,43.06,0.10999999999999943,0.26,97047.5,442838.831
600754.SH,2023-07-10,43.36,44.03,42.94,43.76,43.17,0.5899999999999963,1.37,71972.76,327717.275
600754.SH,2023-07-11,43.68,44.52,43.28,44.26,43.76,0.5,1.14,71275.99,325631.898
600754.SH,2023-07-12,44.25,44.37,43.63,44.13,44.26,-0.12999999999999545,-0.29,56256.63,258605.0
600754.SH,2023-07-13,44.41,44.81,43.77,44.56,44.13,0.4299999999999997,0.97,54721.99,253832.61
600754.SH,2023-07-14,44.53,44.63,44.15,44.37,44.56,-0.19000000000000483,-0.43,37116.87,172032.383
600754.SH,2023-07-17,44.37,44.58,43.15,43.47,44.37,-0.8999999999999986,-2.03,59205.0,270018.716
600754.SH,2023-07-18,43.52,43.57,42.6,42.65,43.47,-0.8200000000000003,-1.89,55108.0,246775.452
600754.SH,2023-07-19,42.54,42.98,42.35,42.6,42.65,-0.04999999999999716,-0.12,30592.19,136037.921
600754.SH,2023-07-20,42.74,43.17,42.61,42.75,42.6,0.14999999999999858,0.35,34628.81,155245.336
600754.SH,2023-07-21,42.75,43.83,42.45,43.01,42.75,0.259999999999998,0.61,57616.1,259316.179
600754.SH,2023-07-24,43.06,44.21,42.54,43.54,43.01,0.5300000000000011,1.23,70846.48,322324.978
600754.SH,2023-07-25,43.95,45.2,43.86,44.7,43.54,1.1600000000000037,2.66,95044.83,443997.624
600754.SH,2023-07-26,44.8,46.01,44.66,45.6,44.7,0.8999999999999986,2.01,80692.86,382772.954
600754.SH,2023-07-27,45.49,46.83,45.4,46.22,45.6,0.6199999999999974,1.36,80656.92,390566.877
600754.SH,2023-07-28,46.23,46.51,45.5,46.29,46.22,0.07000000000000028,0.15,55170.22,265528.109
600754.SH,2023-07-31,46.9,49.3,46.9,47.65,46.29,1.3599999999999994,2.94,147980.97,742417.727
600754.SH,2023-08-01,47.4,47.64,45.82,46.01,47.65,-1.6400000000000006,-3.44,83189.95,403690.157
600754.SH,2023-08-02,46.15,46.61,45.87,46.42,46.01,0.4100000000000037,0.89,47573.93,230162.765
600754.SH,2023-08-03,46.54,46.57,45.9,46.44,46.42,0.01999999999999602,0.04,31714.27,153178.406
600754.SH,2023-08-04,46.71,47.13,46.33,46.63,46.44,0.19000000000000483,0.41,42220.96,205963.54
600754.SH,2023-08-07,46.54,46.9,46.08,46.51,46.63,-0.12000000000000455,-0.26,24304.93,117750.11
600754.SH,2023-08-08,46.54,47.26,46.07,46.49,46.51,-0.01999999999999602,-0.04,38047.8,185010.762
600754.SH,2023-08-09,46.45,46.6,45.59,45.9,46.49,-0.5900000000000034,-1.27,41139.49,197213.596
600754.SH,2023-08-10,45.69,46.23,45.5,46.06,45.9,0.1600000000000037,0.35,37452.07,178882.014
600754.SH,2023-08-11,45.97,46.19,45.01,45.03,46.06,-1.0300000000000011,-2.24,44032.67,208920.036
600754.SH,2023-08-14,44.63,46.06,44.42,45.77,45.03,0.740000000000002,1.64,61629.76,292342.171
600754.SH,2023-08-15,45.62,45.77,43.78,44.22,45.77,-1.5500000000000043,-3.39,56629.11,262216.983
600754.SH,2023-08-16,44.23,44.56,43.72,43.94,44.22,-0.28000000000000114,-0.63,28166.59,129512.232
600754.SH,2023-08-17,43.78,44.32,43.47,44.0,43.94,0.060000000000002274,0.14,31321.25,143517.768
600754.SH,2023-08-18,44.05,44.22,43.25,43.31,44.0,-0.6899999999999977,-1.57,36915.24,168528.421
600754.SH,2023-08-21,43.24,43.24,41.9,41.99,43.31,-1.3200000000000003,-3.05,60866.72,269229.505
600754.SH,2023-08-22,42.52,42.61,41.15,42.02,41.99,0.030000000000001137,0.07,50377.09,218861.782
600754.SH,2023-08-23,41.91,42.02,41.0,41.22,42.02,-0.8000000000000043,-1.9,73881.74,319298.032
600754.SH,2023-08-24,41.25,41.5,40.03,40.15,41.22,-1.0700000000000003,-2.6,109867.11,466460.497
600754.SH,2023-08-25,40.01,40.01,38.19,38.63,40.15,-1.519999999999996,-3.79,132346.7,535732.785
600754.SH,2023-08-28,40.11,40.37,37.8,38.12,38.63,-0.5100000000000051,-1.32,115727.53,469765.95
600754.SH,2023-08-29,38.04,38.68,37.86,38.5,38.12,0.38000000000000256,1.0,156161.07,626401.959
600754.SH,2023-08-30,38.66,38.96,36.56,36.77,38.5,-1.7299999999999969,-4.49,187193.65,728173.731
600754.SH,2023-08-31,36.58,37.29,35.33,36.9,36.77,0.12999999999999545,0.35,195779.57,745570.774
600754.SH,2023-09-01,36.69,37.66,36.5,37.32,36.9,0.4200000000000017,1.14,135248.25,525049.406
600754.SH,2023-09-04,37.16,38.49,37.16,38.32,37.32,1.0,2.68,143065.81,570418.561
600754.SH,2023-09-05,38.16,38.61,38.0,38.31,38.32,-0.00999999999999801,-0.03,100306.18,401790.308
600754.SH,2023-09-06,38.08,38.31,37.63,38.12,38.31,-0.19000000000000483,-0.5,67984.28,269464.945
600754.SH,2023-09-07,38.12,38.41,37.83,37.84,38.12,-0.27999999999999403,-0.73,69058.13,274588.626
600754.SH,2023-09-08,37.72,38.19,37.26,38.0,37.84,0.1599999999999966,0.42,57377.53,226690.806
600754.SH,2023-09-11,37.83,38.4,37.5,38.35,38.0,0.3500000000000014,0.92,65255.86,259998.154
600754.SH,2023-09-12,38.22,38.4,37.74,37.95,38.35,-0.3999999999999986,-1.04,62777.54,249372.259
600754.SH,2023-09-13,37.87,37.95,37.19,37.47,37.95,-0.480000000000004,-1.26,50133.05,196220.759
600754.SH,2023-09-14,37.69,37.81,36.97,37.23,37.47,-0.240000000000002,-0.64,46820.16,182122.065
600754.SH,2023-09-15,37.23,37.68,36.83,36.96,37.23,-0.269999999999996,-0.73,62315.53,241914.861
600754.SH,2023-09-18,37.23,38.54,37.04,38.27,36.96,1.3100000000000023,3.54,119173.46,474051.978
600754.SH,2023-09-19,38.3,38.3,36.93,37.13,38.27,-1.1400000000000006,-2.98,89882.02,349280.562
600754.SH,2023-09-20,37.14,37.14,36.42,36.54,37.13,-0.5900000000000034,-1.59,48134.94,184597.581
600754.SH,2023-09-21,36.43,36.5,35.86,35.86,36.54,-0.6799999999999997,-1.86,76427.61,287637.268
600754.SH,2023-09-22,35.78,36.02,35.52,35.97,35.86,0.10999999999999943,0.31,84718.75,316426.726
600754.SH,2023-09-25,35.85,35.85,35.15,35.2,35.97,-0.769999999999996,-2.14,73732.41,272382.682
600754.SH,2023-09-26,35.24,36.1,35.0,35.73,35.2,0.529999999999994,1.51,113800.99,423850.947
600754.SH,2023-09-27,35.77,36.57,35.62,36.21,35.73,0.480000000000004,1.34,69147.51,261303.661
600754.SH,2023-09-28,36.47,36.49,35.45,36.01,36.21,-0.20000000000000284,-0.55,70833.31,265140.904
600754.SH,2023-10-09,35.62,35.62,33.68,33.8,36.01,-2.210000000000001,-6.14,137507.23,490257.687
600754.SH,2023-10-10,33.87,34.43,33.38,33.46,33.8,-0.3399999999999963,-1.01,103592.35,365533.084
600754.SH,2023-10-11,33.5,33.56,32.54,33.0,33.46,-0.46000000000000085,-1.37,122218.16,420631.04
600754.SH,2023-10-12,33.09,33.37,32.63,32.73,33.0,-0.2700000000000031,-0.82,81724.27,280213.566
600754.SH,2023-10-13,32.64,32.68,31.92,32.29,32.73,-0.4399999999999977,-1.34,83443.79,280040.488
600754.SH,2023-10-16,32.27,32.27,31.34,31.48,32.29,-0.8099999999999987,-2.51,75100.26,248112.586
600754.SH,2023-10-17,31.87,31.94,31.14,31.39,31.48,-0.08999999999999986,-0.29,68642.95,224982.246
600754.SH,2023-10-18,31.31,31.31,30.77,30.82,31.39,-0.5700000000000003,-1.82,65947.05,213196.728
600754.SH,2023-10-19,30.64,31.64,30.58,30.6,30.82,-0.21999999999999886,-0.71,74941.8,242232.25
600754.SH,2023-10-20,30.46,31.1,30.4,30.5,30.6,-0.10000000000000142,-0.33,56370.37,180691.669
600754.SH,2023-10-23,30.49,30.63,29.57,29.81,30.5,-0.6900000000000013,-2.26,61867.74,193580.188
600754.SH,2023-10-24,29.97,30.37,29.73,29.86,29.81,0.05000000000000071,0.17,70580.0,220787.144
600754.SH,2023-10-25,30.17,31.02,30.17,30.45,29.86,0.5899999999999999,1.98,96960.36,310357.319
600754.SH,2023-10-26,30.31,30.53,29.85,30.15,30.45,-0.3000000000000007,-0.99,56544.04,177617.736
600754.SH,2023-10-27,29.99,31.61,29.9,31.5,30.15,1.3500000000000014,4.48,98089.05,317958.93
600754.SH,2023-10-30,31.3,31.3,30.7,31.02,31.5,-0.4800000000000004,-1.52,91144.25,294997.197
600754.SH,2023-10-31,31.31,31.81,31.05,31.46,31.02,0.4400000000000013,1.42,105830.27,346509.616
600754.SH,2023-11-01,31.34,31.9,31.05,31.29,31.46,-0.1700000000000017,-0.54,61737.39,202441.266
600754.SH,2023-11-02,31.3,31.45,30.63,30.67,31.29,-0.6199999999999974,-1.98,61313.99,197334.682
600754.SH,2023-11-03,30.82,31.33,30.5,31.2,30.67,0.5299999999999976,1.73,66229.0,214432.679
600754.SH,2023-11-06,31.39,31.7,31.12,31.53,31.2,0.33000000000000185,1.06,87601.8,287276.796
600754.SH,2023-11-07,31.38,31.38,30.81,30.94,31.53,-0.5899999999999999,-1.87,76907.66,249070.271
600754.SH,2023-11-08,30.93,31.7,30.78,31.35,30.94,0.41000000000000014,1.33,78738.65,257024.63
600754.SH,2023-11-09,31.41,31.77,31.26,31.33,31.35,-0.020000000000003126,-0.06,69404.99,228181.214
600754.SH,2023-11-10,31.29,31.29,30.68,30.91,31.33,-0.41999999999999815,-1.34,51438.87,165694.116
600754.SH,2023-11-13,31.0,31.34,30.98,31.14,30.91,0.23000000000000043,0.74,50956.43,165606.499
600754.SH,2023-11-14,31.14,31.59,30.53,30.87,31.14,-0.2699999999999996,-0.87,78528.82,253960.615
600754.SH,2023-11-15,31.14,31.45,30.53,30.63,30.87,-0.240000000000002,-0.78,101612.03,327991.664
600754.SH,2023-11-16,30.5,30.69,30.15,30.38,30.63,-0.25,-0.82,78880.78,250408.74
600754.SH,2023-11-17,30.17,30.44,29.91,30.1,30.38,-0.2799999999999976,-0.92,56671.59,178069.606
600754.SH,2023-11-20,30.23,31.8,30.0,31.55,30.1,1.4499999999999993,4.82,146538.72,475399.416
600754.SH,2023-11-21,31.89,32.45,31.49,31.68,31.55,0.129999999999999,0.41,130694.41,436826.587
600754.SH,2023-11-22,31.39,31.79,31.07,31.08,31.68,-0.6000000000000014,-1.89,75806.17,248141.934
600754.SH,2023-11-23,30.96,31.46,30.79,31.42,31.08,0.3400000000000034,1.09,81333.95,264457.413
600754.SH,2023-11-24,31.36,32.23,31.3,31.54,31.42,0.11999999999999744,0.38,110646.94,367565.694
600754.SH,2023-11-27,31.65,31.73,30.89,31.24,31.54,-0.3000000000000007,-0.95,104950.01,341579.325
600754.SH,2023-11-28,31.04,31.4,30.8,31.33,31.24,0.08999999999999986,0.29,74104.0,240819.605
600754.SH,2023-11-29,31.12,31.27,30.39,30.51,31.33,-0.8199999999999967,-2.62,73915.53,237587.274
600754.SH,2023-11-30,30.41,32.77,30.33,32.46,30.51,1.9499999999999993,6.39,245478.19,818714.068
600754.SH,2023-12-01,32.48,32.89,31.84,32.07,32.46,-0.39000000000000057,-1.2,146151.79,490903.598
600754.SH,2023-12-04,31.8,32.75,31.41,32.22,32.07,0.14999999999999858,0.47,122494.25,413120.134
600754.SH,2023-12-05,32.15,32.21,30.84,30.87,32.22,-1.3499999999999979,-4.19,97672.02,321201.227
600754.SH,2023-12-06,30.63,31.36,30.38,30.89,30.87,0.019999999999999574,0.06,96868.31,312533.827
600754.SH,2023-12-07,30.84,30.95,29.8,30.22,30.89,-0.6700000000000017,-2.17,106753.56,336609.244
600754.SH,2023-12-08,30.16,30.17,29.27,29.57,30.22,-0.6499999999999986,-2.15,106763.61,330706.741
600754.SH,2023-12-11,29.3,29.9,28.64,29.67,29.57,0.10000000000000142,0.34,149541.05,455817.099
600754.SH,2023-12-12,29.5,30.75,29.5,30.63,29.67,0.9599999999999973,3.24,131099.41,414968.524
600754.SH,2023-12-13,30.62,30.62,29.0,29.03,30.63,-1.5999999999999979,-5.22,136682.72,421117.359
600754.SH,2023-12-14,29.11,29.73,28.87,28.91,29.03,-0.120000000000001,-0.41,81701.01,249208.266
600754.SH,2023-12-15,28.95,29.4,28.66,28.98,28.91,0.07000000000000028,0.24,72573.28,219812.879
600754.SH,2023-12-18,28.88,28.98,27.87,28.09,28.98,-0.8900000000000006,-3.07,78788.61,233509.748
600754.SH,2023-12-19,28.09,28.63,27.88,28.12,28.09,0.030000000000001137,0.11,84271.78,248457.163
600754.SH,2023-12-20,28.08,28.12,27.3,27.4,28.12,-0.7200000000000024,-2.56,87403.92,251719.799
600754.SH,2023-12-21,27.07,28.29,27.01,28.03,27.4,0.6300000000000026,2.3,110710.72,321921.182
600754.SH,2023-12-22,28.09,28.15,27.45,27.77,28.03,-0.26000000000000156,-0.93,64002.69,185462.196
600754.SH,2023-12-25,27.66,27.88,27.11,27.32,27.77,-0.4499999999999993,-1.62,69812.36,199595.926
600754.SH,2023-12-26,27.15,27.4,26.81,26.94,27.32,-0.379999999999999,-1.39,69077.98,195144.496
600754.SH,2023-12-27,26.81,27.14,26.41,26.84,26.94,-0.10000000000000142,-0.37,106291.92,296613.434
600754.SH,2023-12-28,26.76,28.59,26.59,28.41,26.84,1.5700000000000003,5.85,178169.93,517201.305
600754.SH,2023-12-29,28.5,29.04,28.2,28.63,28.41,0.21999999999999886,0.77,136409.96,406744.232
600754.SH,2024-01-02,28.73,28.82,28.02,28.52,28.63,-0.10999999999999943,-0.38,114200.91,338565.046
600754.SH,2024-01-03,28.37,29.26,28.23,28.99,28.52,0.46999999999999886,1.65,138415.81,415579.387
600754.SH,2024-01-04,28.92,29.43,28.59,28.94,28.99,-0.04999999999999716,-0.17,103950.83,313938.294
600754.SH,2024-01-05,28.74,29.32,28.06,28.22,28.94,-0.7200000000000024,-2.49,86842.33,259896.94
600754.SH,2024-01-08,28.24,28.41,27.73,27.79,28.22,-0.4299999999999997,-1.52,80885.18,236214.596
600754.SH,2024-01-09,27.79,29.21,27.61,28.54,27.79,0.75,2.7,142867.15,425378.105
600754.SH,2024-01-10,28.43,28.82,27.89,28.67,28.54,0.13000000000000256,0.46,102237.0,303971.318
600754.SH,2024-01-11,28.54,28.92,28.0,28.26,28.67,-0.41000000000000014,-1.43,97274.66,287598.898
600754.SH,2024-01-12,28.19,28.53,27.68,27.98,28.26,-0.28000000000000114,-0.99,86982.24,255415.744
600754.SH,2024-01-15,27.75,28.78,27.75,28.48,27.98,0.5,1.79,102947.68,306094.907
600754.SH,2024-01-16,28.4,29.43,28.33,29.01,28.48,0.5300000000000011,1.86,199222.23,603807.172
600754.SH,2024-01-17,28.82,28.86,27.39,27.39,29.01,-1.620000000000001,-5.58,125865.1,366571.016
600754.SH,2024-01-18,27.18,27.39,26.43,27.35,27.39,-0.03999999999999915,-0.15,105046.77,294609.904
600754.SH,2024-01-19,27.2,28.05,26.95,27.5,27.35,0.14999999999999858,0.55,91068.74,262083.726
600754.SH,2024-01-22,27.46,27.52,25.55,25.76,27.5,-1.7399999999999984,-6.33,135939.55,373723.17
600754.SH,2024-01-23,25.66,26.05,24.9,25.78,25.76,0.019999999999999574,0.08,74535.15,199427.638
600754.SH,2024-01-24,25.91,26.45,25.41,26.38,25.78,0.5999999999999979,2.33,88343.57,240646.181
600754.SH,2024-01-25,26.33,28.7,26.17,28.46,26.38,2.080000000000002,7.88,153994.73,444180.66
600754.SH,2024-01-26,28.35,29.18,28.09,28.69,28.46,0.23000000000000043,0.81,116528.77,348781.831
600754.SH,2024-01-29,28.93,28.93,27.69,27.69,28.69,-1.0,-3.49,94574.71,276423.338
600754.SH,2024-01-30,27.58,27.58,26.29,26.35,27.69,-1.3399999999999999,-4.84,96770.02,270474.08
600754.SH,2024-01-31,24.97,25.28,24.01,24.22,26.35,-2.1300000000000026,-8.08,182275.95,466123.657
600754.SH,2024-02-01,24.02,24.18,23.34,23.52,24.22,-0.6999999999999993,-2.89,166542.09,410496.722
600754.SH,2024-02-02,23.52,24.1,22.8,23.7,23.52,0.17999999999999972,0.77,136519.88,336290.019
600754.SH,2024-02-05,23.3,23.47,22.1,22.43,23.7,-1.2699999999999996,-5.36,161992.7,383104.18
600754.SH,2024-02-06,22.41,23.78,21.47,23.54,22.43,1.1099999999999994,4.95,163997.23,389715.193
600754.SH,2024-02-07,23.58,24.55,23.3,23.93,23.54,0.39000000000000057,1.66,149445.47,374331.424
600754.SH,2024-02-08,24.13,25.22,23.94,25.17,23.93,1.240000000000002,5.18,141976.41,366924.438
600754.SH,2024-02-19,26.62,27.55,26.33,26.91,25.17,1.7399999999999984,6.91,240112.51,674644.115
600754.SH,2024-02-20,26.91,27.88,26.15,27.28,26.91,0.370000000000001,1.37,154256.94,440241.507
600754.SH,2024-02-21,27.16,28.62,26.86,27.95,27.28,0.6699999999999982,2.46,118554.62,345195.73
600754.SH,2024-02-22,27.95,28.2,27.63,27.95,27.95,0.0,0.0,58249.65,169705.192
600754.SH,2024-02-23,27.78,28.04,27.4,27.96,27.95,0.010000000000001563,0.04,74992.71,217455.537
600754.SH,2024-02-26,27.87,28.26,27.49,27.96,27.96,0.0,0.0,69762.33,203350.644
600754.SH,2024-02-27,27.78,27.86,27.29,27.6,27.96,-0.35999999999999943,-1.29,96120.96,276097.361
600754.SH,2024-02-28,27.61,28.09,27.12,27.56,27.6,-0.0400000000000027,-0.14,121977.03,352556.016
600754.SH,2024-02-29,27.38,27.85,27.18,27.83,27.56,0.2699999999999996,0.98,100255.11,288202.552
600754.SH,2024-03-01,27.78,27.82,27.24,27.51,27.83,-0.31999999999999673,-1.15,114881.52,329436.112
600754.SH,2024-03-04,27.24,28.07,27.18,27.8,27.51,0.28999999999999915,1.05,96755.94,278791.836
600754.SH,2024-03-05,27.95,28.0,26.42,26.72,27.8,-1.0800000000000018,-3.88,154475.75,435501.758
600754.SH,2024-03-06,26.68,26.84,25.65,25.91,26.72,-0.8099999999999987,-3.03,175443.02,474811.6
600754.SH,2024-03-07,25.9,26.19,25.38,25.61,25.91,-0.3000000000000007,-1.16,135748.21,364584.871
600754.SH,2024-03-08,25.66,25.66,24.83,25.06,25.61,-0.5500000000000007,-2.15,127689.3,335148.174
600754.SH,2024-03-11,25.06,26.13,24.99,26.0,25.06,0.9400000000000013,3.75,144360.04,388804.097
600754.SH,2024-03-12,26.12,28.6,26.0,28.6,26.0,2.6000000000000014,10.0,269567.9,773640.755
600754.SH,2024-03-13,28.7,29.05,28.17,28.59,28.6,-0.010000000000001563,-0.03,185804.84,554165.359
600754.SH,2024-03-14,28.59,29.97,28.44,29.6,28.59,1.0100000000000016,3.53,226672.15,697751.336
600754.SH,2024-03-15,29.22,30.53,28.53,28.94,29.6,-0.6600000000000001,-2.23,230003.12,701165.456
600754.SH,2024-03-18,29.1,29.1,28.37,28.73,28.94,-0.21000000000000085,-0.73,118052.2,352422.961
600754.SH,2024-03-19,28.63,28.93,28.39,28.44,28.73,-0.28999999999999915,-1.01,96686.34,288533.713
600754.SH,2024-03-20,28.41,28.56,28.01,28.3,28.44,-0.14000000000000057,-0.49,104341.71,307067.04
600754.SH,2024-03-21,28.33,29.5,28.25,29.16,28.3,0.8599999999999994,3.04,167240.6,504231.289
600754.SH,2024-03-22,29.0,29.16,28.15,28.23,29.16,-0.9299999999999997,-3.19,112298.45,334200.652
600754.SH,2024-03-25,28.41,28.41,27.21,27.31,28.23,-0.9200000000000017,-3.26,103626.95,298879.619
600754.SH,2024-03-26,27.3,27.44,26.59,27.01,27.31,-0.29999999999999716,-1.1,86108.45,241943.435
600754.SH,2024-03-27,26.99,27.29,26.49,26.62,27.01,-0.39000000000000057,-1.44,100178.66,281190.589
600754.SH,2024-03-28,26.48,27.81,26.36,27.5,26.62,0.879999999999999,3.31,136290.68,387849.008
600754.SH,2024-03-29,27.31,27.35,25.65,26.11,27.5,-1.3900000000000006,-5.05,213720.12,583462.066
600754.SH,2024-04-01,26.11,26.94,26.05,26.83,26.11,0.7199999999999989,2.76,160200.2,443986.574
600754.SH,2024-04-02,26.9,27.1,26.14,26.48,26.83,-0.34999999999999787,-1.3,180095.1,497915.993
600754.SH,2024-04-03,26.38,26.88,26.06,26.14,26.48,-0.33999999999999986,-1.28,141209.02,388175.819
600754.SH,2024-04-08,26.33,26.78,25.83,25.9,26.14,-0.240000000000002,-0.92,198670.0,546232.507
600754.SH,2024-04-09,25.79,26.72,25.41,26.43,25.9,0.5300000000000011,2.05,156191.43,427690.867
600754.SH,2024-04-10,26.2,28.09,25.98,27.48,26.43,1.0500000000000007,3.97,274866.51,777576.037
600754.SH,2024-04-11,27.15,28.55,26.85,28.41,27.48,0.9299999999999997,3.38,243316.93,706818.638
600754.SH,2024-04-12,28.05,28.73,27.86,28.42,28.41,0.010000000000001563,0.04,224710.05,665287.392
600754.SH,2024-04-15,28.51,28.59,27.08,27.52,28.42,-0.9000000000000021,-3.17,171892.55,497741.818
600754.SH,2024-04-16,27.22,27.39,25.98,26.0,27.52,-1.5199999999999996,-5.52,164376.82,454485.063
600754.SH,2024-04-17,26.1,26.9,26.06,26.41,26.0,0.41000000000000014,1.58,156650.5,432989.746
600754.SH,2024-04-18,26.09,26.92,26.09,26.37,26.41,-0.03999999999999915,-0.15,141172.07,390319.852
600754.SH,2024-04-19,26.14,26.87,25.67,26.2,26.37,-0.1700000000000017,-0.64,134524.83,367797.287
600754.SH,2024-04-22,26.05,26.79,25.71,26.78,26.2,0.5800000000000018,2.21,162848.24,446405.239
600754.SH,2024-04-23,26.53,26.77,25.78,26.09,26.78,-0.6900000000000013,-2.58,123029.26,338256.619
600754.SH,2024-04-24,26.05,26.64,25.94,26.52,26.09,0.4299999999999997,1.65,134321.93,367887.844
600754.SH,2024-04-25,26.29,26.6,26.11,26.16,26.52,-0.35999999999999943,-1.36,101205.53,277917.204
600754.SH,2024-04-26,26.17,26.71,26.06,26.43,26.16,0.2699999999999996,1.03,147002.85,405323.259
600754.SH,2024-04-29,26.46,27.91,26.24,27.62,26.43,1.1900000000000013,4.5,246481.92,701815.419
600754.SH,2024-04-30,27.24,27.88,26.56,27.69,27.62,0.07000000000000028,0.25,255037.07,723476.57
600754.SH,2024-05-06,27.69,29.26,27.37,28.92,27.69,1.2300000000000004,4.44,291489.59,866331.722
600754.SH,2024-05-07,28.73,28.78,28.16,28.63,28.92,-0.2900000000000027,-1.0,147408.97,438416.261
600754.SH,2024-05-08,28.63,28.86,27.77,28.06,28.63,-0.5700000000000003,-1.99,127966.21,377593.888
600754.SH,2024-05-09,28.02,28.33,27.85,28.2,28.06,0.14000000000000057,0.5,74134.18,217915.733
600754.SH,2024-05-10,28.26,28.72,28.14,28.3,28.2,0.10000000000000142,0.35,98955.81,293427.95
600754.SH,2024-05-13,28.15,28.21,27.51,27.84,28.3,-0.46000000000000085,-1.63,110917.86,323500.974
600754.SH,2024-05-14,28.04,28.07,27.4,27.84,27.84,0.0,0.0,82498.04,238665.422
600754.SH,2024-05-15,27.84,27.99,27.46,27.5,27.84,-0.33999999999999986,-1.22,89326.73,258014.115
600754.SH,2024-05-16,27.56,28.08,27.49,27.66,27.5,0.16000000000000014,0.58,98678.25,286350.346
600754.SH,2024-05-17,27.76,28.74,27.49,28.73,27.66,1.0700000000000003,3.87,128495.11,376791.678
600754.SH,2024-05-20,29.26,30.13,29.0,29.69,28.73,0.9600000000000009,3.34,242548.52,749783.966
600754.SH,2024-05-21,29.48,29.86,29.09,29.22,29.69,-0.4700000000000024,-1.58,113062.7,347133.441
600754.SH,2024-05-22,29.17,29.54,28.93,29.02,29.22,-0.1999999999999993,-0.68,83198.13,253558.337
600754.SH,2024-05-23,29.02,29.04,27.49,27.56,29.02,-1.4600000000000009,-5.03,196552.11,574841.558
600754.SH,2024-05-24,27.48,27.53,26.68,26.73,27.56,-0.8299999999999983,-3.01,136868.74,386774.745
600754.SH,2024-05-27,26.87,26.99,26.15,26.66,26.73,-0.07000000000000028,-0.26,118305.68,326661.756
600754.SH,2024-05-28,26.65,26.65,26.28,26.33,26.66,-0.33000000000000185,-1.24,72330.76,199477.713
600754.SH,2024-05-29,26.36,26.95,26.34,26.75,26.33,0.4200000000000017,1.6,87716.03,243797.977
600754.SH,2024-05-30,26.62,26.95,26.48,26.91,26.75,0.16000000000000014,0.6,77420.6,216180.82
600754.SH,2024-05-31,26.99,27.48,26.68,26.88,26.91,-0.030000000000001137,-0.11,84797.86,239143.873
600754.SH,2024-06-03,26.81,26.86,26.38,26.64,26.88,-0.23999999999999844,-0.89,72256.86,200611.936
600754.SH,2024-06-04,26.61,26.95,26.43,26.94,26.64,0.3000000000000007,1.13,69822.91,195097.272
600754.SH,2024-06-05,26.91,27.17,26.68,26.75,26.94,-0.19000000000000128,-0.71,67634.16,190011.852
600754.SH,2024-06-06,26.72,26.9,25.87,25.96,26.75,-0.7899999999999991,-2.95,122258.18,334685.976
600754.SH,2024-06-07,26.07,26.3,25.75,26.11,25.96,0.14999999999999858,0.58,72974.37,198193.194
600754.SH,2024-06-11,26.0,26.0,25.15,25.53,26.11,-0.5799999999999983,-2.22,94949.03,252286.297
600754.SH,2024-06-12,25.45,25.57,25.1,25.38,25.53,-0.15000000000000213,-0.59,100837.19,266832.941
600754.SH,2024-06-13,25.46,25.52,24.84,24.93,25.38,-0.4499999999999993,-1.77,126754.95,331540.301
600754.SH,2024-06-14,24.92,25.57,24.63,25.57,24.93,0.6400000000000006,2.57,201019.46,528737.414
600754.SH,2024-06-17,25.33,25.64,25.01,25.15,25.57,-0.4200000000000017,-1.64,114408.59,302026.612
600754.SH,2024-06-18,25.16,25.31,24.67,24.82,25.15,-0.3299999999999983,-1.31,122483.24,319390.992
600754.SH,2024-06-19,24.72,24.82,23.46,23.63,24.82,-1.1900000000000013,-4.79,235563.26,586759.981
600754.SH,2024-06-20,23.46,23.48,22.74,22.79,23.63,-0.8399999999999999,-3.55,172621.82,413839.082
600754.SH,2024-06-21,22.59,23.17,22.49,22.58,22.79,-0.21000000000000085,-0.92,100711.85,239285.151
600754.SH,2024-06-24,22.41,22.68,22.05,22.34,22.58,-0.23999999999999844,-1.06,90507.78,211236.803
600754.SH,2024-06-25,22.52,22.75,22.2,22.73,22.34,0.39000000000000057,1.75,111892.04,263206.0
600754.SH,2024-06-26,22.6,22.94,22.25,22.84,22.72,0.120000000000001,0.53,92269.96,217483.861
600754.SH,2024-06-27,22.68,22.74,22.31,22.31,22.84,-0.5300000000000011,-2.32,72081.14,169590.559
600754.SH,2024-06-28,22.33,22.53,21.92,22.01,22.31,-0.29999999999999716,-1.34,103698.08,240554.896
600754.SH,2024-07-01,21.88,22.36,21.82,22.34,22.01,0.3299999999999983,1.5,77339.36,178521.013
600754.SH,2024-07-02,22.35,22.49,22.0,22.11,22.34,-0.23000000000000043,-1.03,74835.64,173949.083
600754.SH,2024-07-03,22.11,22.49,22.04,22.39,22.11,0.28000000000000114,1.27,87828.17,204777.446
600754.SH,2024-07-04,22.31,22.31,21.39,21.45,22.39,-0.9400000000000013,-4.2,131709.73,299069.406
600754.SH,2024-07-05,21.39,21.58,21.12,21.46,21.45,0.010000000000001563,0.05,59981.31,133990.971
600754.SH,2024-07-08,21.45,21.45,20.73,20.83,21.46,-0.6300000000000026,-2.94,86357.39,189293.493
600754.SH,2024-07-09,20.78,21.21,20.56,21.07,20.83,0.240000000000002,1.15,79205.96,172767.224
600754.SH,2024-07-10,21.05,21.5,20.84,21.18,21.07,0.10999999999999943,0.52,76344.85,169714.266
600754.SH,2024-07-11,21.55,22.16,21.41,22.14,21.18,0.9600000000000009,4.53,105110.46,239937.265
600754.SH,2024-07-12,22.32,22.59,22.18,22.49,22.14,0.34999999999999787,1.58,91762.9,209890.422
600754.SH,2024-07-15,22.85,23.77,22.57,23.42,22.49,0.9300000000000033,4.14,201362.81,477888.312
600754.SH,2024-07-16,23.41,23.41,22.88,23.05,23.42,-0.370000000000001,-1.58,95440.04,224671.569
600754.SH,2024-07-17,23.02,23.71,22.93,23.51,23.05,0.46000000000000085,2.0,115477.01,275445.261
600754.SH,2024-07-18,23.27,23.32,23.05,23.26,23.51,-0.25,-1.06,85682.3,202873.419
600754.SH,2024-07-19,23.06,23.33,22.81,23.22,23.26,-0.0400000000000027,-0.17,73639.57,173933.718
600754.SH,2024-07-22,23.2,23.61,22.98,23.25,23.22,0.030000000000001137,0.13,70110.41,166698.862
600754.SH,2024-07-23,23.3,23.45,22.46,22.49,23.25,-0.7600000000000016,-3.27,86105.13,201633.202
600754.SH,2024-07-24,22.45,22.76,21.83,21.92,22.49,-0.5699999999999967,-2.53,102772.62,232889.158
600754.SH,2024-07-25,21.98,22.52,21.89,22.21,21.92,0.28999999999999915,1.32,81338.24,185289.597
600754.SH,2024-07-26,22.21,22.57,22.13,22.42,22.21,0.21000000000000085,0.95,68667.5,156654.715
600754.SH,2024-07-29,22.44,22.45,21.86,22.07,22.42,-0.3500000000000014,-1.56,74632.42,168192.319
600754.SH,2024-07-30,22.04,22.16,21.72,21.83,22.07,-0.240000000000002,-1.09,67371.98,150644.202
600754.SH,2024-07-31,21.88,23.57,21.86,23.5,21.83,1.6700000000000017,7.65,192627.08,451748.046
600754.SH,2024-08-01,23.37,23.51,22.84,22.94,23.5,-0.5599999999999987,-2.38,109517.61,258468.935
600754.SH,2024-08-02,22.8,23.83,22.72,23.06,22.94,0.11999999999999744,0.52,114329.91,272029.39
600754.SH,2024-08-05,23.3,24.44,23.3,23.55,23.06,0.490000000000002,2.12,245864.69,600031.326
600754.SH,2024-08-06,23.86,24.44,23.59,24.11,23.55,0.5599999999999987,2.38,147318.55,362173.201
600754.SH,2024-08-07,23.98,23.98,23.26,23.44,24.11,-0.6699999999999982,-2.78,116168.65,279130.08
600754.SH,2024-08-08,23.24,23.83,23.15,23.68,23.44,0.23999999999999844,1.02,106344.18,256893.785
600754.SH,2024-08-09,23.61,23.75,23.17,23.18,23.68,-0.5,-2.11,82013.7,196208.931
600754.SH,2024-08-12,23.49,23.69,23.07,23.36,23.18,0.17999999999999972,0.78,89241.0,212963.557
600754.SH,2024-08-13,23.21,23.36,22.74,23.03,23.36,-0.3299999999999983,-1.41,57317.84,134361.868
600754.SH,2024-08-14,23.0,23.0,22.35,22.5,23.03,-0.5300000000000011,-2.3,62935.99,145067.355
600754.SH,2024-08-15,22.43,22.85,22.34,22.61,22.5,0.10999999999999943,0.49,77607.5,179247.453
600754.SH,2024-08-16,22.54,22.68,22.32,22.56,22.61,-0.05000000000000071,-0.22,60652.96,139650.904
600754.SH,2024-08-19,22.54,23.42,22.41,23.3,22.56,0.740000000000002,3.28,96944.65,229192.916
600754.SH,2024-08-20,23.23,23.23,22.86,23.11,23.3,-0.19000000000000128,-0.82,59220.69,139348.403
600754.SH,2024-08-21,23.05,23.31,22.93,23.27,23.11,0.16000000000000014,0.69,62331.52,147417.658
600754.SH,2024-08-22,23.19,23.49,22.67,22.74,23.27,-0.5300000000000011,-2.28,72957.99,171188.95
600754.SH,2024-08-23,22.69,23.39,22.58,23.26,22.74,0.5200000000000031,2.29,62500.38,147219.23
600754.SH,2024-08-26,23.17,23.62,23.04,23.46,23.26,0.1999999999999993,0.86,71567.58,170976.658
600754.SH,2024-08-27,23.35,23.47,22.72,22.76,23.46,-0.6999999999999993,-2.98,61969.96,145709.665
600754.SH,2024-08-28,22.71,22.84,22.3,22.48,22.76,-0.28000000000000114,-1.23,52962.13,121959.615
600754.SH,2024-08-29,22.27,23.14,22.07,23.01,22.48,0.5300000000000011,2.36,63933.82,148741.254
600754.SH,2024-08-30,23.0,24.09,22.83,23.62,23.01,0.6099999999999994,2.65,186249.87,449175.361
600754.SH,2024-09-02,23.37,23.98,22.8,23.24,23.62,-0.38000000000000256,-1.61,144367.35,345866.62
600754.SH,2024-09-03,23.2,23.73,23.17,23.44,23.24,0.20000000000000284,0.86,69042.17,165659.868
600754.SH,2024-09-04,23.3,23.66,23.24,23.35,23.44,-0.08999999999999986,-0.38,56465.22,135098.767
600754.SH,2024-09-05,23.49,23.84,23.38,23.49,23.35,0.13999999999999702,0.6,60148.04,145153.257
600754.SH,2024-09-06,23.51,23.67,23.07,23.1,23.49,-0.389999999999997,-1.66,55369.85,131873.761
600754.SH,2024-09-09,22.98,23.51,22.79,23.22,23.1,0.11999999999999744,0.52,76929.1,182914.014
600754.SH,2024-09-10,23.16,23.2,22.35,22.68,23.22,-0.5399999999999991,-2.33,79148.16,182996.537
600754.SH,2024-09-11,22.54,22.74,22.39,22.66,22.68,-0.019999999999999574,-0.09,56195.58,129529.218
600754.SH,2024-09-12,22.66,22.95,22.4,22.4,22.66,-0.26000000000000156,-1.15,48066.58,110959.892
600754.SH,2024-09-13,22.4,22.5,21.94,22.09,22.4,-0.3099999999999987,-1.38,64736.0,146739.88
600754.SH,2024-09-18,22.05,22.09,21.41,21.79,22.09,-0.3000000000000007,-1.36,56638.94,125157.234
600754.SH,2024-09-19,21.83,22.98,21.83,22.63,21.79,0.8399999999999999,3.85,104801.72,241914.276
600754.SH,2024-09-20,22.63,22.7,22.33,22.69,22.63,0.060000000000002274,0.27,48480.08,111482.672
600754.SH,2024-09-23,22.53,23.03,22.39,22.72,22.69,0.029999999999997584,0.13,60067.0,140165.328
600754.SH,2024-09-24,22.9,23.88,22.74,23.87,22.72,1.1500000000000021,5.06,134932.46,322916.954
600754.SH,2024-09-25,24.14,24.65,24.01,24.3,23.87,0.4299999999999997,1.8,155538.66,387390.235
600754.SH,2024-09-26,24.56,26.45,24.41,26.34,24.3,2.039999999999999,8.4,264909.6,687718.452
600754.SH,2024-09-27,27.13,28.48,27.0,28.0,26.34,1.6600000000000001,6.3,208776.95,585054.478
600754.SH,2024-09-30,29.49,30.8,28.94,30.8,28.0,2.8000000000000007,10.0,392031.9,1191747.3
600754.SH,2024-10-08,33.82,33.82,28.14,29.58,30.8,-1.2200000000000024,-3.96,617161.26,1915402.125
600754.SH,2024-10-09,28.71,28.71,26.66,27.02,29.58,-2.5599999999999987,-8.65,374963.77,1050783.516
600754.SH,2024-10-10,27.02,27.68,26.91,27.2,27.02,0.17999999999999972,0.67,235590.62,655152.783
600754.SH,2024-10-11,27.14,27.8,26.96,27.53,27.2,0.33000000000000185,1.21,178404.95,498926.543
600754.SH,2024-10-14,27.48,28.86,26.86,28.35,27.53,0.8200000000000003,2.98,216658.26,616460.74
600754.SH,2024-10-15,28.02,28.1,27.18,27.21,28.35,-1.1400000000000006,-4.02,141660.01,397753.913
600754.SH,2024-10-16,26.79,27.63,26.57,27.21,27.21,0.0,0.0,104887.15,289352.526
600754.SH,2024-10-17,27.15,27.5,26.47,26.49,27.21,-0.7200000000000024,-2.65,105471.36,288245.825
600754.SH,2024-10-18,26.49,28.31,26.35,27.67,26.49,1.1800000000000033,4.45,179651.76,499155.889
600754.SH,2024-10-21,27.72,29.98,27.63,29.25,27.67,1.5799999999999983,5.71,254685.9,754340.009
600754.SH,2024-10-22,29.09,29.2,28.39,28.77,29.25,-0.4800000000000004,-1.64,144566.19,422874.756
600754.SH,2024-10-23,28.58,29.45,28.56,28.82,28.77,0.05000000000000071,0.17,101464.55,299418.003
600754.SH,2024-10-24,28.71,29.12,28.39,28.5,28.82,-0.3200000000000003,-1.11,67799.57,198146.056
600754.SH,2024-10-25,28.38,28.79,28.13,28.29,28.5,-0.21000000000000085,-0.74,127559.62,368661.317
600754.SH,2024-10-28,28.24,28.61,28.22,28.38,28.29,0.08999999999999986,0.32,113343.77,327116.012
600754.SH,2024-10-29,28.38,29.29,28.38,28.67,28.38,0.2900000000000027,1.02,134526.96,394490.97
600754.SH,2024-10-30,28.51,29.37,28.39,28.79,28.67,0.11999999999999744,0.42,117358.68,344713.925
600754.SH,2024-10-31,27.82,27.82,26.11,26.5,28.79,-2.289999999999999,-7.95,454889.97,1223494.901
600754.SH,2024-11-01,26.25,26.54,25.87,26.14,26.5,-0.35999999999999943,-1.36,206068.01,549684.399
600754.SH,2024-11-04,26.38,26.64,25.86,26.64,26.14,0.5,1.91,160410.21,428107.73
600754.SH,2024-11-05,26.49,26.9,26.28,26.83,26.64,0.18999999999999773,0.71,168658.0,457649.351
600754.SH,2024-11-06,26.83,27.21,26.41,26.99,26.83,0.16000000000000014,0.6,192404.0,526029.333
600754.SH,2024-11-07,26.68,28.33,26.62,28.32,26.99,1.3300000000000018,4.93,244089.74,689909.398
600754.SH,2024-11-08,28.46,28.64,27.46,27.84,28.32,-0.4800000000000004,-1.69,186887.35,529140.588
600754.SH,2024-11-11,27.52,27.79,27.11,27.74,27.84,-0.10000000000000142,-0.36,134396.93,376167.548
600754.SH,2024-11-12,27.73,28.54,27.63,27.92,27.74,0.18000000000000327,0.65,170811.06,488896.548
600754.SH,2024-11-13,28.34,28.35,26.83,27.5,27.92,-0.4200000000000017,-1.5,215187.71,598397.828
600754.SH,2024-11-14,27.23,27.5,26.94,27.02,27.5,-0.4800000000000004,-1.75,89380.03,247517.78
600754.SH,2024-11-15,27.02,27.28,26.55,26.57,27.02,-0.4499999999999993,-1.67,95085.11,260004.581
600754.SH,2024-11-18,26.47,26.71,26.16,26.22,26.57,-0.3500000000000014,-1.32,83284.22,224001.99
600754.SH,2024-11-19,26.25,26.42,25.97,26.35,26.22,0.13000000000000256,0.5,70168.14,187108.909
600754.SH,2024-11-20,26.2,26.9,26.2,26.72,26.35,0.36999999999999744,1.4,86622.49,233956.001
600754.SH,2024-11-21,26.7,26.74,26.2,26.4,26.72,-0.3200000000000003,-1.2,65351.0,175791.57
600754.SH,2024-11-22,26.4,26.4,25.19,25.27,26.4,-1.129999999999999,-4.28,107091.48,280975.078
600754.SH,2024-11-25,25.32,25.88,25.28,25.44,25.27,0.1700000000000017,0.67,72023.44,187176.879
600754.SH,2024-11-26,25.44,25.81,25.27,25.54,25.44,0.09999999999999787,0.39,57892.0,150478.821
600754.SH,2024-11-27,25.44,25.73,25.07,25.73,25.54,0.19000000000000128,0.74,61172.25,158382.653
600754.SH,2024-11-28,25.73,25.99,25.13,25.22,25.73,-0.5100000000000016,-1.98,99177.49,256592.857
600754.SH,2024-11-29,25.17,25.61,25.0,25.48,25.22,0.26000000000000156,1.03,95518.32,246200.131
600754.SH,2024-12-02,25.47,26.55,25.36,26.33,25.48,0.8499999999999979,3.34,182854.89,483657.92
600754.SH,2024-12-03,26.18,26.23,25.73,25.98,26.33,-0.34999999999999787,-1.33,112242.07,296635.929
600754.SH,2024-12-04,25.96,26.2,25.32,25.49,25.98,-0.490000000000002,-1.89,108929.14,284642.273
600754.SH,2024-12-05,25.37,25.54,25.23,25.44,25.49,-0.04999999999999716,-0.2,83022.48,214312.038
600754.SH,2024-12-06,25.54,25.79,25.2,25.63,25.44,0.18999999999999773,0.75,116304.88,302309.684
600754.SH,2024-12-09,25.51,25.63,25.15,25.29,25.63,-0.33999999999999986,-1.33,111514.29,287560.976
600754.SH,2024-12-10,26.16,27.38,26.16,26.45,25.29,1.1600000000000001,4.59,384205.29,1046656.151
600754.SH,2024-12-11,26.25,27.73,26.25,27.14,26.45,0.6900000000000013,2.61,264257.93,728511.25
600754.SH,2024-12-12,27.15,28.0,27.0,27.88,27.14,0.7399999999999984,2.73,264304.02,742166.105
600754.SH,2024-12-13,27.63,28.34,27.06,27.63,27.88,-0.25,-0.9,286677.8,804159.792
600754.SH,2024-12-16,27.63,27.9,26.91,27.23,27.63,-0.3999999999999986,-1.45,180382.26,499326.506
600754.SH,2024-12-17,27.05,27.07,26.21,26.5,27.23,-0.7300000000000004,-2.68,147108.96,397115.586
600754.SH,2024-12-18,26.62,26.66,26.22,26.36,26.5,-0.14000000000000057,-0.53,95733.54,256694.647
600754.SH,2024-12-19,26.01,26.15,25.62,25.99,26.36,-0.370000000000001,-1.4,106925.31,281731.138
600754.SH,2024-12-20,25.95,26.86,25.91,26.15,25.99,0.16000000000000014,0.62,127957.55,343092.999
600754.SH,2024-12-23,26.1,26.24,25.51,25.56,26.15,-0.5899999999999999,-2.26,106440.54,280102.254
600754.SH,2024-12-24,25.61,25.81,25.37,25.8,25.56,0.240000000000002,0.94,79664.38,207126.74
600754.SH,2024-12-25,25.97,26.86,25.97,26.53,25.8,0.7300000000000004,2.83,239566.5,646648.527
600754.SH,2024-12-26,26.53,26.78,26.45,26.64,26.53,0.10999999999999943,0.41,103238.69,279497.674
600754.SH,2024-12-27,26.65,26.92,26.46,26.62,26.64,-0.019999999999999574,-0.08,103880.81,281600.282
600754.SH,2024-12-30,26.63,26.84,26.36,26.72,26.62,0.09999999999999787,0.38,134948.01,365134.848
600754.SH,2024-12-31,26.75,27.12,26.4,26.41,26.72,-0.3099999999999987,-1.16,129892.04,353297.357
600754.SH,2025-01-02,26.41,27.23,26.39,26.57,26.41,0.16000000000000014,0.61,194546.23,531121.45
600754.SH,2025-01-03,26.63,26.65,25.57,25.61,26.57,-0.9600000000000009,-3.61,132996.54,352105.66
600754.SH,2025-01-06,25.61,25.66,24.58,24.94,25.61,-0.6699999999999982,-2.62,136544.5,349010.31
600754.SH,2025-01-07,25.08,25.51,24.73,25.41,24.94,0.46999999999999886,1.88,98336.57,251288.629
600754.SH,2025-01-08,25.4,25.65,24.82,25.33,25.41,-0.08000000000000185,-0.31,78825.48,202277.744
600754.SH,2025-01-09,25.16,25.32,24.82,24.9,25.33,-0.4299999999999997,-1.7,71015.13,180414.318
600754.SH,2025-01-10,24.87,24.97,24.14,24.14,24.9,-0.759999999999998,-3.05,100202.07,249092.89
600754.SH,2025-01-13,23.94,24.52,23.69,24.21,24.14,0.07000000000000028,0.29,82768.43,203645.621
600754.SH,2025-01-14,24.27,25.13,24.27,25.05,24.21,0.8399999999999999,3.47,86005.0,216746.93
600754.SH,2025-01-15,24.96,25.37,24.84,25.2,25.05,0.14999999999999858,0.6,61844.84,158384.897
600754.SH,2025-01-16,25.35,25.66,25.07,25.22,25.2,0.019999999999999574,0.08,66239.0,170880.7
600754.SH,2025-01-17,25.1,25.59,24.9,25.46,25.22,0.240000000000002,0.95,55985.0,144452.482
600754.SH,2025-01-20,25.68,26.35,25.62,26.01,25.46,0.5500000000000007,2.16,87088.18,230989.931
600754.SH,2025-01-21,26.06,26.25,25.77,25.99,26.01,-0.020000000000003126,-0.08,40149.45,106074.054
600754.SH,2025-01-22,25.95,25.95,25.43,25.48,25.99,-0.509999999999998,-1.96,48236.98,125626.995
600754.SH,2025-01-23,25.71,26.0,25.48,25.72,25.48,0.23999999999999844,0.94,56553.33,148059.231
600754.SH,2025-01-24,25.76,26.3,25.64,26.18,25.72,0.46000000000000085,1.79,65191.79,173157.229
600754.SH,2025-01-27,26.39,26.44,25.88,25.92,26.18,-0.259999999999998,-0.99,46960.0,124783.324
600754.SH,2025-02-05,25.92,25.98,24.82,24.94,25.92,-0.9800000000000004,-3.78,101283.29,258976.272
600754.SH,2025-02-06,24.87,25.17,24.81,25.04,24.94,0.09999999999999787,0.4,68273.77,173611.033
600754.SH,2025-02-07,25.05,25.34,24.82,25.13,25.04,0.08999999999999986,0.36,113574.74,289912.704
600754.SH,2025-02-10,25.12,25.88,25.05,25.72,25.13,0.5899999999999999,2.35,97427.96,253338.764
600754.SH,2025-02-11,25.93,25.96,25.27,25.47,25.72,-0.25,-0.97,73729.6,190853.085
600754.SH,2025-02-12,25.49,27.28,25.39,26.4,25.47,0.9299999999999997,3.65,211983.59,567712.047
600754.SH,2025-02-13,26.1,26.48,25.56,26.2,26.4,-0.1999999999999993,-0.76,126631.75,337081.806
600754.SH,2025-02-14,26.23,26.25,25.9,26.02,26.2,-0.17999999999999972,-0.69,74979.6,198765.325
600754.SH,2025-02-17,25.96,26.03,25.49,25.63,26.02,-0.39000000000000057,-1.5,97373.08,253929.205
600754.SH,2025-02-18,25.45,25.56,24.98,25.09,25.63,-0.5399999999999991,-2.11,74360.18,190997.2
600754.SH,2025-02-19,25.07,25.33,24.89,25.28,25.09,0.19000000000000128,0.76,66710.99,170498.537
600754.SH,2025-02-20,25.27,25.43,25.13,25.28,25.28,0.0,0.0,50633.77,130222.833
600754.SH,2025-02-21,25.19,25.48,25.02,25.48,25.28,0.1999999999999993,0.79,74608.05,191619.367
600754.SH,2025-02-24,25.37,25.91,25.21,25.8,25.48,0.3200000000000003,1.26,84305.27,219803.698
600754.SH,2025-02-25,25.61,26.72,25.45,25.84,25.8,0.03999999999999915,0.16,157047.78,419091.99
600754.SH,2025-02-26,25.83,26.12,25.62,25.87,25.84,0.030000000000001137,0.12,71503.52,187610.386
600754.SH,2025-02-27,25.87,26.41,25.76,26.26,25.87,0.39000000000000057,1.51,84242.22,224408.986
600754.SH,2025-02-28,26.15,26.53,26.09,26.14,26.26,-0.120000000000001,-0.46,99491.46,265890.792
600754.SH,2025-03-03,26.14,26.59,25.64,25.73,26.14,-0.41000000000000014,-1.57,91590.0,243287.521
600754.SH,2025-03-04,25.66,25.83,25.59,25.76,25.73,0.030000000000001137,0.12,56386.0,147540.77
600754.SH,2025-03-05,25.8,25.8,25.32,25.52,25.76,-0.240000000000002,-0.93,48360.41,125327.189
600754.SH,2025-03-06,25.61,26.2,25.57,26.08,25.52,0.5599999999999987,2.19,83771.33,221212.327
600754.SH,2025-03-07,26.0,26.15,25.72,25.99,26.08,-0.08999999999999986,-0.35,48380.52,127548.027
600754.SH,2025-03-10,25.79,26.45,25.65,26.1,25.99,0.11000000000000298,0.42,78359.07,208204.987
600754.SH,2025-03-11,25.86,26.51,25.84,26.5,26.1,0.3999999999999986,1.53,78322.19,208658.158
600754.SH,2025-03-12,26.49,26.89,26.14,26.17,26.5,-0.3299999999999983,-1.25,76354.77,204627.029
600754.SH,2025-03-13,26.16,26.25,25.89,26.1,26.17,-0.07000000000000028,-0.27,49449.77,131174.662
600754.SH,2025-03-14,26.25,27.27,26.13,27.2,26.1,1.0999999999999979,4.21,182309.95,497318.821
600754.SH,2025-03-17,27.7,27.8,26.81,27.04,27.2,-0.16000000000000014,-0.59,127005.75,351132.966
600754.SH,2025-03-18,27.09,27.15,26.62,26.83,27.04,-0.21000000000000085,-0.78,93364.02,254621.649
600754.SH,2025-03-19,26.67,26.95,26.53,26.62,26.83,-0.2099999999999973,-0.78,83101.6,225985.242
600754.SH,2025-03-20,26.64,26.89,26.32,26.37,26.62,-0.25,-0.94,86032.77,232590.692
600754.SH,2025-03-21,26.35,26.98,26.26,26.83,26.37,0.4599999999999973,1.74,121494.56,329525.757
600754.SH,2025-03-24,26.79,27.3,26.71,27.13,26.83,0.3000000000000007,1.12,142044.18,391061.103
600754.SH,2025-03-25,26.86,27.22,26.56,27.05,27.13,-0.0799999999999983,-0.29,108321.05,296541.529
600754.SH,2025-03-26,26.86,27.4,26.81,27.2,27.05,0.14999999999999858,0.55,99259.29,274485.372
600754.SH,2025-03-27,27.05,27.59,26.88,26.88,27.2,-0.3200000000000003,-1.18,79505.04,219465.998
600754.SH,2025-03-28,26.64,27.07,26.64,26.74,26.88,-0.14000000000000057,-0.52,62425.78,170384.086
600754.SH,2025-03-31,26.64,26.92,26.07,26.25,26.74,-0.48999999999999844,-1.83,67246.42,181059.55
600754.SH,2025-04-01,26.16,26.61,26.1,26.53,26.25,0.28000000000000114,1.07,59821.52,160745.732
600754.SH,2025-04-02,25.91,26.15,25.22,25.9,26.53,-0.6300000000000026,-2.37,151268.48,395237.293
600754.SH,2025-04-03,25.55,26.27,25.48,25.78,25.9,-0.11999999999999744,-0.46,69984.15,184407.94
600754.SH,2025-04-07,24.09,25.22,23.32,23.62,25.78,-2.16,-8.38,127091.34,314842.53
600754.SH,2025-04-08,23.89,24.74,23.89,24.59,23.62,0.9699999999999989,4.11,113710.16,282728.854
600754.SH,2025-04-09,24.4,25.96,23.88,25.71,24.59,1.120000000000001,4.55,127173.48,323708.685
600754.SH,2025-04-10,25.56,26.31,25.46,25.88,25.71,0.16999999999999815,0.66,114654.97,302461.163
600754.SH,2025-04-11,25.73,26.05,25.19,25.32,25.88,-0.5599999999999987,-2.16,105254.65,272803.082
600754.SH,2025-04-14,25.37,25.63,25.17,25.59,25.32,0.2699999999999996,1.07,67988.2,176240.804
600754.SH,2025-04-15,25.46,25.66,25.2,25.38,25.59,-0.21000000000000085,-0.82,63410.33,163775.24
600754.SH,2025-04-16,25.41,25.96,25.1,25.92,25.38,0.5400000000000027,2.13,174616.97,455389.591
600754.SH,2025-04-17,25.86,27.18,25.48,26.69,25.92,0.7699999999999996,2.97,220215.01,592780.174
600754.SH,2025-04-18,26.55,26.55,25.46,25.52,26.69,-1.1700000000000017,-4.38,158233.82,416228.783
600754.SH,2025-04-21,25.2,25.47,24.96,25.14,25.52,-0.379999999999999,-1.49,130240.88,333338.948
600754.SH,2025-04-22,25.02,25.15,24.61,24.81,25.14,-0.33000000000000185,-1.31,121556.01,306916.229
600754.SH,2025-04-23,24.83,24.93,24.54,24.69,24.81,-0.11999999999999744,-0.48,95312.5,239338.893
600754.SH,2025-04-24,24.74,24.86,24.6,24.72,24.69,0.029999999999997584,0.12,59176.17,148755.535
600754.SH,2025-04-25,24.73,25.12,24.62,24.9,24.72,0.17999999999999972,0.73,83325.0,211011.738
600754.SH,2025-04-28,24.9,24.94,24.13,24.15,24.9,-0.75,-3.01,115152.13,284939.343
600754.SH,2025-04-29,24.04,24.24,23.7,23.87,24.15,-0.2799999999999976,-1.16,92122.0,224527.325
600754.SH,2025-04-30,23.33,23.67,23.21,23.67,23.87,-0.1999999999999993,-0.84,105614.15,252462.777
600754.SH,2025-05-06,23.71,23.8,23.6,23.74,23.67,0.06999999999999673,0.3,102082.0,245795.017
600754.SH,2025-05-07,23.91,23.97,23.61,23.66,23.74,-0.0799999999999983,-0.34,74730.61,180461.796
600754.SH,2025-05-08,23.61,23.65,23.5,23.53,23.66,-0.129999999999999,-0.55,74156.28,177725.897
600754.SH,2025-05-09,23.53,23.59,23.4,23.43,23.53,-0.10000000000000142,-0.42,58651.87,140063.086
600754.SH,2025-05-12,23.53,23.57,23.3,23.42,23.43,-0.00999999999999801,-0.04,79156.22,188172.559
600754.SH,2025-05-13,23.54,23.82,23.4,23.77,23.42,0.34999999999999787,1.49,126266.09,304277.563
600754.SH,2025-05-14,23.71,23.75,23.52,23.67,23.77,-0.09999999999999787,-0.42,79252.3,190271.664
600754.SH,2025-05-15,23.64,23.74,23.52,23.53,23.67,-0.14000000000000057,-0.59,53012.0,127308.237
600754.SH,2025-05-16,23.52,23.56,23.4,23.52,23.53,-0.010000000000001563,-0.04,39203.61,93618.248
600754.SH,2025-05-19,23.47,23.64,23.42,23.56,23.52,0.03999999999999915,0.17,48716.05,116661.306
600754.SH,2025-05-20,23.55,23.73,23.51,23.65,23.56,0.08999999999999986,0.38,76526.48,184012.183
600754.SH,2025-05-21,23.68,23.72,23.56,23.6,23.65,-0.04999999999999716,-0.21,40893.2,98210.921
600754.SH,2025-05-22,23.6,23.6,23.04,23.16,23.6,-0.4400000000000013,-1.86,85673.0,203116.87
600754.SH,2025-05-23,23.1,23.22,22.76,22.81,23.16,-0.3500000000000014,-1.51,70421.78,164760.657
600754.SH,2025-05-26,22.81,22.86,22.64,22.79,22.81,-0.019999999999999574,-0.09,54297.95,125497.856
600754.SH,2025-05-27,22.79,22.81,22.48,22.56,22.79,-0.23000000000000043,-1.01,67447.16,155057.412
600754.SH,2025-05-28,22.54,22.83,22.49,22.73,22.56,0.1700000000000017,0.75,48822.0,112701.709
600754.SH,2025-05-29,22.67,22.87,22.55,22.87,22.73,0.14000000000000057,0.62,49493.25,114724.242
600754.SH,2025-05-30,22.79,22.89,22.44,22.54,22.87,-0.33000000000000185,-1.44,62830.0,144528.397
600754.SH,2025-06-03,22.47,22.73,22.42,22.65,22.54,0.10999999999999943,0.49,41644.57,95831.35
600754.SH,2025-06-04,22.7,22.88,22.57,22.87,22.65,0.22000000000000242,0.97,60299.83,139503.804
600754.SH,2025-06-05,22.99,23.07,22.7,22.82,22.87,-0.05000000000000071,-0.22,66487.0,154399.78
600754.SH,2025-06-06,22.81,22.83,22.67,22.7,22.82,-0.120000000000001,-0.53,45341.92,104791.312
600754.SH,2025-06-09,22.8,22.8,22.58,22.74,22.7,0.03999999999999915,0.18,64821.53,149708.632
600754.SH,2025-06-10,22.75,22.79,22.4,22.61,22.74,-0.129999999999999,-0.57,79198.0,182259.899
600754.SH,2025-06-11,22.59,22.72,22.53,22.55,22.61,-0.05999999999999872,-0.27,76280.93,175550.942
600754.SH,2025-06-12,22.51,22.52,22.28,22.33,22.55,-0.22000000000000242,-0.98,90479.55,206010.1
600754.SH,2025-06-13,22.24,22.27,21.79,21.88,22.33,-0.4499999999999993,-2.02,101813.76,227367.318
600754.SH,2025-06-16,21.78,21.92,21.75,21.84,21.88,-0.03999999999999915,-0.18,56240.0,124782.464
600754.SH,2025-06-17,21.79,21.97,21.78,21.91,21.84,0.07000000000000028,0.32,52525.91,116949.102
600754.SH,2025-06-18,21.95,21.95,21.71,21.76,21.91,-0.14999999999999858,-0.68,41789.0,92595.778
600754.SH,2025-06-19,21.85,22.26,21.75,21.84,21.76,0.0799999999999983,0.37,104010.37,232732.456
600754.SH,2025-06-20,21.82,21.83,21.65,21.65,21.84,-0.19000000000000128,-0.87,55864.32,123418.654
600754.SH,2025-06-23,21.53,21.58,21.33,21.53,21.65,-0.11999999999999744,-0.55,72091.0,157215.311
600754.SH,2025-06-24,21.57,21.86,21.57,21.84,21.53,0.3099999999999987,1.44,62929.0,139256.911
600754.SH,2025-06-25,21.94,22.14,21.82,22.13,21.84,0.28999999999999915,1.33,78462.0,175437.434
600754.SH,2025-06-26,22.13,22.27,21.96,22.14,22.13,0.010000000000001563,0.05,88788.36,199668.499
600754.SH,2025-06-27,22.08,22.23,21.99,22.05,22.14,-0.08999999999999986,-0.41,70235.13,157907.441
600754.SH,2025-06-30,22.1,22.12,21.97,22.06,22.05,0.00999999999999801,0.05,61304.13,137503.173
600754.SH,2025-07-01,22.07,22.12,21.89,21.95,22.06,-0.10999999999999943,-0.5,56231.39,125591.786
600754.SH,2025-07-02,21.9,22.0,21.83,21.94,21.95,-0.00999999999999801,-0.05,50383.0,112371.184
600754.SH,2025-07-03,21.92,22.01,21.84,21.89,21.94,-0.05000000000000071,-0.23,51579.0,114936.721
600754.SH,2025-07-04,21.87,21.89,21.68,21.71,21.89,-0.17999999999999972,-0.82,76523.0,169423.868
600754.SH,2025-07-07,21.7,21.73,21.58,21.64,21.71,-0.07000000000000028,-0.32,68084.25,149825.585
600754.SH,2025-07-08,21.64,21.84,21.62,21.82,21.64,0.17999999999999972,0.83,70865.0,156985.807
600754.SH,2025-07-09,21.82,21.92,21.76,21.84,21.82,0.019999999999999574,0.09,63176.45,140450.229
600754.SH,2025-07-10,21.85,21.96,21.77,21.95,21.84,0.10999999999999943,0.5,76992.75,171524.327
600754.SH,2025-07-11,21.95,22.06,21.9,21.97,21.95,0.019999999999999574,0.09,85967.0,192270.768
600754.SH,2025-07-14,21.97,22.02,21.78,21.81,21.97,-0.16000000000000014,-0.73,85631.42,190303.412
600754.SH,2025-07-15,21.92,22.45,21.86,21.99,21.81,0.17999999999999972,0.83,142092.28,318904.492
600754.SH,2025-07-16,22.03,22.34,22.02,22.13,21.99,0.14000000000000057,0.64,118520.5,267340.771
600754.SH,2025-07-17,22.12,22.21,22.0,22.1,22.13,-0.029999999999997584,-0.14,85233.99,191394.003
600754.SH,2025-07-18,22.13,22.22,22.04,22.22,22.1,0.11999999999999744,0.54,86546.0,195065.041
600754.SH,2025-07-21,22.19,22.29,22.15,22.29,22.22,0.07000000000000028,0.32,90348.47,204304.188
600754.SH,2025-07-22,22.34,22.39,22.12,22.39,22.29,0.10000000000000142,0.45,125675.74,284729.346
600754.SH,2025-07-23,22.41,22.59,22.27,22.33,22.39,-0.060000000000002274,-0.27,120817.99,275925.75
600754.SH,2025-07-24,22.35,22.74,22.35,22.73,22.33,0.40000000000000213,1.79,156605.08,360457.484
600754.SH,2025-07-25,22.78,22.79,22.54,22.59,22.73,-0.14000000000000057,-0.62,105990.51,243870.893
600754.SH,2025-07-28,22.58,22.66,22.45,22.56,22.59,-0.030000000000001137,-0.13,84845.59,194539.325
600754.SH,2025-07-29,22.54,22.55,22.27,22.46,22.56,-0.09999999999999787,-0.44,83627.61,190297.689
600754.SH,2025-07-30,22.45,22.56,22.36,22.48,22.46,0.019999999999999574,0.09,99676.02,227976.702
600754.SH,2025-07-31,22.6,22.6,22.16,22.21,22.48,-0.2699999999999996,-1.2,106336.91,241255.757
600754.SH,2025-08-01,22.22,22.27,22.06,22.26,22.21,0.05000000000000071,0.23,67048.31,148584.948
600754.SH,2025-08-04,22.23,22.24,22.07,22.18,22.26,-0.08000000000000185,-0.36,53354.0,118079.263
600754.SH,2025-08-05,22.23,22.39,22.14,22.39,22.18,0.21000000000000085,0.95,60652.76,135336.631
600754.SH,2025-08-06,22.39,22.39,22.15,22.3,22.39,-0.08999999999999986,-0.4,71793.81,159670.928
600754.SH,2025-08-07,22.3,22.36,22.21,22.25,22.3,-0.05000000000000071,-0.22,58320.79,129869.322
600754.SH,2025-08-08,22.25,22.27,22.13,22.19,22.25,-0.05999999999999872,-0.27,48891.0,108513.263
600754.SH,2025-08-11,22.17,22.3,22.13,22.3,22.19,0.10999999999999943,0.5,53414.77,118866.739
600754.SH,2025-08-12,22.31,22.41,22.25,22.4,22.3,0.09999999999999787,0.45,76403.06,170684.005
600754.SH,2025-08-13,22.58,22.62,22.35,22.41,22.4,0.010000000000001563,0.04,87366.26,195963.04
600754.SH,2025-08-14,22.45,22.78,22.37,22.42,22.41,0.010000000000001563,0.04,118674.12,267481.28
600754.SH,2025-08-15,22.38,22.63,22.27,22.63,22.42,0.2099999999999973,0.94,116740.85,262892.725
600754.SH,2025-08-18,22.67,22.96,22.59,22.8,22.63,0.1700000000000017,0.75,146579.21,334050.777
600754.SH,2025-08-19,22.8,22.91,22.63,22.68,22.8,-0.120000000000001,-0.53,88398.59,200965.978
600754.SH,2025-08-20,22.62,23.15,22.52,23.08,22.68,0.3999999999999986,1.76,167803.39,384370.227
600754.SH,2025-08-21,23.08,23.59,22.94,23.39,23.08,0.3100000000000023,1.34,184039.63,428102.648
600754.SH,2025-08-22,23.36,23.53,23.18,23.41,23.39,0.019999999999999574,0.09,138189.93,322614.872
600754.SH,2025-08-25,23.42,23.66,23.29,23.61,23.41,0.1999999999999993,0.85,156284.5,366999.767
600754.SH,2025-08-26,23.61,23.69,23.43,23.46,23.61,-0.14999999999999858,-0.64,121098.79,285421.334
600754.SH,2025-08-27,23.43,23.48,23.03,23.05,23.46,-0.41000000000000014,-1.75,158580.48,369381.945
600754.SH,2025-08-28,23.2,23.72,23.02,23.35,23.05,0.3000000000000007,1.3,188776.54,441785.452
600754.SH,2025-08-29,23.35,23.55,23.19,23.23,23.35,-0.120000000000001,-0.51,118645.73,276979.429
600754.SH,2025-09-01,23.23,23.24,22.97,23.04,23.23,-0.19000000000000128,-0.82,158975.08,366819.252
600754.SH,2025-09-02,23.04,23.13,22.88,23.06,23.04,0.019999999999999574,0.09,130061.03,299553.29
600754.SH,2025-09-03,23.15,23.25,22.7,22.72,23.06,-0.33999999999999986,-1.47,109641.09,251016.279
600754.SH,2025-09-04,22.72,23.07,22.7,22.96,22.72,0.240000000000002,1.06,136103.18,311832.881
600754.SH,2025-09-05,22.97,23.29,22.61,23.27,22.96,0.3099999999999987,1.35,141618.08,325277.685
600754.SH,2025-09-08,23.28,23.62,23.18,23.41,23.27,0.14000000000000057,0.6,145388.7,340908.147
600754.SH,2025-09-09,23.43,23.5,23.22,23.33,23.41,-0.08000000000000185,-0.34,83666.09,195147.272
600754.SH,2025-09-10,23.48,23.96,23.41,23.55,23.33,0.22000000000000242,0.94,138635.49,326827.266
600754.SH,2025-09-11,23.54,23.54,23.05,23.47,23.55,-0.08000000000000185,-0.34,149555.31,347538.656
600754.SH,2025-09-12,23.4,23.55,23.21,23.23,23.47,-0.23999999999999844,-1.02,103094.27,240670.868
600754.SH,2025-09-15,23.25,24.48,23.25,24.2,23.23,0.9699999999999989,4.18,320363.46,766464.526
600754.SH,2025-09-16,24.48,24.52,23.88,24.18,24.2,-0.019999999999999574,-0.08,232960.42,561958.474
600754.SH,2025-09-17,24.34,24.72,23.83,24.26,24.18,0.08000000000000185,0.33,234612.76,567763.955
600754.SH,2025-09-18,24.4,25.35,24.21,24.95,24.26,0.6899999999999977,2.84,398665.03,989965.137
600754.SH,2025-09-19,24.95,25.4,24.46,24.93,24.95,-0.019999999999999574,-0.08,306540.25,764507.805
600754.SH,2025-09-22,24.72,24.74,23.94,24.4,24.93,-0.5300000000000011,-2.13,225821.34,547719.733
600754.SH,2025-09-23,24.2,24.22,23.37,23.63,24.4,-0.7699999999999996,-3.16,162880.74,386644.919
600754.SH,2025-09-24,23.51,23.7,23.3,23.54,23.63,-0.08999999999999986,-0.38,139329.94,326858.529
600754.SH,2025-09-25,23.54,23.58,23.2,23.5,23.54,-0.03999999999999915,-0.17,123323.77,288089.788
600754.SH,2025-09-26,23.45,23.57,23.12,23.23,23.5,-0.2699999999999996,-1.15,95128.26,221637.948
600754.SH,2025-09-29,23.23,23.33,23.0,23.21,23.23,-0.019999999999999574,-0.09,92320.82,213768.979
600754.SH,2025-09-30,23.23,23.3,23.05,23.05,23.21,-0.16000000000000014,-0.69,87598.38,202614.532
600754.SH,2025-10-09,22.95,22.95,22.15,22.34,23.05,-0.7100000000000009,-3.08,206990.91,462869.263
600754.SH,2025-10-10,22.34,22.66,22.26,22.55,22.34,0.21000000000000085,0.94,149785.06,336772.401
600754.SH,2025-10-13,22.1,22.34,22.0,22.26,22.55,-0.28999999999999915,-1.29,99492.0,221024.86
600754.SH,2025-10-14,22.26,22.43,22.2,22.22,22.26,-0.0400000000000027,-0.18,79952.0,178393.678
600754.SH,2025-10-15,22.25,22.36,22.21,22.29,22.22,0.07000000000000028,0.32,71422.1,159031.218
600754.SH,2025-10-16,22.3,22.37,22.16,22.2,22.29,-0.08999999999999986,-0.4,57054.54,126989.803
600754.SH,2025-10-17,22.2,22.25,21.8,21.8,22.2,-0.3999999999999986,-1.8,86428.08,190237.331
600754.SH,2025-10-20,21.98,22.52,21.89,22.43,21.8,0.629999999999999,2.89,123226.67,274693.484
600754.SH,2025-10-21,22.45,22.52,22.28,22.37,22.43,-0.05999999999999872,-0.27,50875.0,113762.162
600754.SH,2025-10-22,22.34,22.37,22.2,22.22,22.37,-0.15000000000000213,-0.67,41531.0,92460.392
600754.SH,2025-10-23,22.21,22.28,22.05,22.26,22.22,0.0400000000000027,0.18,45576.0,100929.681
600754.SH,2025-10-24,22.27,22.29,22.08,22.15,22.26,-0.11000000000000298,-0.49,55843.02,123659.738
600754.SH,2025-10-27,22.16,22.31,22.05,22.2,22.15,0.05000000000000071,0.23,59637.51,132343.284
600754.SH,2025-10-28,22.16,22.25,21.93,21.94,22.2,-0.259999999999998,-1.17,73724.73,162762.007
600754.SH,2025-10-29,21.95,22.0,21.74,21.84,21.94,-0.10000000000000142,-0.46,71406.62,155679.688
600754.SH,2025-10-30,21.85,21.96,21.73,21.78,21.84,-0.05999999999999872,-0.27,60787.66,132951.448
600754.SH,2025-10-31,22.18,22.59,22.1,22.51,21.78,0.7300000000000004,3.35,179899.88,403745.979
600754.SH,2025-11-03,22.51,23.1,22.34,23.06,22.51,0.5499999999999972,2.44,181595.69,414313.791
600754.SH,2025-11-04,22.9,23.25,22.78,22.96,23.06,-0.09999999999999787,-0.43,93548.37,215246.867
600754.SH,2025-11-05,23.03,23.48,23.0,23.34,22.96,0.379999999999999,1.66,118750.05,276415.655
600754.SH,2025-11-06,23.22,23.27,22.85,22.88,23.34,-0.46000000000000085,-1.97,77156.0,177321.586
600754.SH,2025-11-07,22.93,23.18,22.81,22.92,22.88,0.0400000000000027,0.17,60461.7,139063.929
600754.SH,2025-11-10,22.97,25.21,22.95,25.21,22.92,2.289999999999999,9.99,527345.16,1301591.016
600754.SH,2025-11-11,25.47,26.4,25.03,26.27,25.21,1.0599999999999987,4.2,612876.44,1589857.006
600754.SH,2025-11-12,26.28,27.06,26.01,26.28,26.27,0.010000000000001563,0.04,374778.95,992849.699
600754.SH,2025-11-13,26.09,26.34,25.8,26.29,26.28,0.00999999999999801,0.04,198039.65,516924.669
600754.SH,2025-11-14,26.19,26.8,25.9,25.93,26.29,-0.35999999999999943,-1.37,150603.83,395284.486
600754.SH,2025-11-17,25.9,26.16,25.49,26.03,25.93,0.10000000000000142,0.39,149331.9,384918.609
600754.SH,2025-11-18,25.96,26.65,25.75,26.12,26.03,0.08999999999999986,0.35,145347.34,379947.328
600754.SH,2025-11-19,26.1,26.43,25.85,26.19,26.12,0.07000000000000028,0.27,110537.04,289005.871
600754.SH,2025-11-20,26.1,26.13,25.44,25.45,26.19,-0.740000000000002,-2.83,109706.0,282586.169
600754.SH,2025-11-21,25.4,25.65,24.8,24.98,25.45,-0.46999999999999886,-1.85,119582.37,300865.778
600754.SH,2025-11-24,25.0,26.24,24.76,25.84,24.98,0.8599999999999994,3.44,201063.28,517399.297
600754.SH,2025-11-25,25.82,26.09,25.51,25.94,25.84,0.10000000000000142,0.39,88193.49,227622.523
600754.SH,2025-11-26,25.8,26.42,25.36,25.44,25.94,-0.5,-1.93,126706.27,325449.535
600754.SH,2025-11-27,25.54,25.63,24.92,25.27,25.44,-0.1700000000000017,-0.67,100839.11,253250.5
600754.SH,2025-11-28,25.31,25.5,24.9,25.39,25.27,0.120000000000001,0.47,98138.09,247752.53
600754.SH,2025-12-01,25.4,26.13,25.26,25.98,25.39,0.5899999999999999,2.32,134495.16,347360.201
600754.SH,2025-12-02,25.89,26.75,25.78,26.4,25.98,0.41999999999999815,1.62,191688.43,504980.151
600754.SH,2025-12-03,26.44,27.45,26.19,26.69,26.4,0.2900000000000027,1.1,219714.0,593475.505
600754.SH,2025-12-04,26.69,26.69,25.79,25.95,26.69,-0.740000000000002,-2.77,107633.0,280699.151
600754.SH,2025-12-05,25.83,26.0,25.33,25.41,25.95,-0.5399999999999991,-2.08,75963.63,193739.903
600754.SH,2025-12-08,25.42,25.58,24.9,25.37,25.41,-0.03999999999999915,-0.16,91068.33,229287.754
600754.SH,2025-12-09,25.38,25.38,23.73,23.86,25.37,-1.5100000000000016,-5.95,200312.52,487530.094
600754.SH,2025-12-10,23.76,24.5,23.57,24.26,23.86,0.40000000000000213,1.68,189900.93,457722.374
600754.SH,2025-12-11,24.29,24.32,23.73,23.8,24.26,-0.46000000000000085,-1.9,95505.0,228607.912
600754.SH,2025-12-12,23.72,24.4,23.68,24.1,23.8,0.3000000000000007,1.26,143614.33,345833.176
600754.SH,2025-12-15,24.1,24.6,24.02,24.11,24.1,0.00999999999999801,0.04,93985.0,228287.38
600754.SH,2025-12-16,24.18,25.13,24.18,24.79,24.11,0.6799999999999997,2.82,150337.5,372378.003
600754.SH,2025-12-17,24.79,25.69,24.65,25.17,24.79,0.38000000000000256,1.53,131083.72,330314.337
600754.SH,2025-12-18,24.91,25.5,24.9,25.29,25.17,0.11999999999999744,0.48,89529.0,226746.988
600754.SH,2025-12-19,25.29,26.0,25.0,25.85,25.29,0.5600000000000023,2.21,113750.97,290837.454
600754.SH,2025-12-22,25.97,26.2,25.5,25.74,25.85,-0.11000000000000298,-0.43,86449.35,222524.057
600754.SH,2025-12-23,25.61,25.71,25.23,25.28,25.74,-0.4599999999999973,-1.79,67766.0,171985.344
600754.SH,2025-12-24,25.28,25.36,24.6,24.95,25.28,-0.33000000000000185,-1.31,100265.92,249320.676
600754.SH,2025-12-25,24.91,25.14,24.64,24.84,24.95,-0.10999999999999943,-0.44,49307.19,122721.68
600754.SH,2025-12-26,24.85,25.36,24.76,25.27,24.84,0.4299999999999997,1.73,67393.82,169649.878
600754.SH,2025-12-29,25.05,25.3,24.66,24.84,25.27,-0.4299999999999997,-1.7,87949.91,219296.169
600754.SH,2025-12-30,24.65,24.8,24.14,24.35,24.84,-0.48999999999999844,-1.97,119692.27,291369.079
600754.SH,2025-12-31,24.4,25.44,24.26,25.27,24.35,0.9199999999999982,3.78,169072.18,422617.929
600754.SH,2026-01-05,25.27,25.27,24.26,24.38,25.27,-0.8900000000000006,-3.52,227157.0,555235.932
600754.SH,2026-01-06,24.37,24.69,24.06,24.56,24.38,0.17999999999999972,0.74,142984.56,349495.264
600754.SH,2026-01-07,24.59,25.97,24.52,25.45,24.56,0.8900000000000006,3.62,208517.42,529388.732
600754.SH,2026-01-08,25.3,25.85,25.0,25.66,25.45,0.21000000000000085,0.83,106703.52,272057.923
600754.SH,2026-01-09,25.6,25.9,25.3,25.67,25.66,0.010000000000001563,0.04,87722.6,224816.424
600754.SH,2026-01-12,25.68,26.8,25.67,26.21,25.67,0.5399999999999991,2.1,166226.5,437033.332
600754.SH,2026-01-13,26.18,26.67,25.95,26.09,26.21,-0.120000000000001,-0.46,120382.07,316529.448
600754.SH,2026-01-14,26.09,26.75,25.88,26.44,26.09,0.3500000000000014,1.34,150817.8,396879.009
600754.SH,2026-01-15,27.38,27.51,26.45,26.65,26.44,0.2099999999999973,0.79,207544.87,555748.059
600754.SH,2026-01-16,26.26,26.81,26.0,26.24,26.65,-0.41000000000000014,-1.54,166536.59,439003.238
600754.SH,2026-01-19,26.24,27.63,25.92,27.54,26.24,1.3000000000000007,4.95,196999.8,537816.582
600754.SH,2026-01-20,27.52,27.6,27.15,27.44,27.54,-0.09999999999999787,-0.36,114143.75,312196.503
600754.SH,2026-01-21,27.36,27.6,27.06,27.44,27.44,0.0,0.0,90341.34,246890.815
600754.SH,2026-01-22,27.19,28.14,27.0,27.53,27.44,0.08999999999999986,0.33,112866.78,311917.055
600754.SH,2026-01-23,27.43,27.73,27.28,27.6,27.53,0.07000000000000028,0.25,100296.46,275894.963
600754.SH,2026-01-26,27.59,28.02,26.78,26.95,27.6,-0.6500000000000021,-2.36,105635.91,286676.308
600754.SH,2026-01-27,26.94,27.11,26.24,26.56,26.95,-0.39000000000000057,-1.45,80987.0,215466.978
600754.SH,2026-01-28,26.56,26.93,26.36,26.54,26.56,-0.019999999999999574,-0.08,58595.87,155677.855
600754.SH,2026-01-29,26.51,26.92,26.18,26.79,26.54,0.25,0.94,78878.12,210342.068
600754.SH,2026-01-30,26.9,27.94,26.86,27.23,26.79,0.4400000000000013,1.64,147347.82,405484.785
600754.SH,2026-02-02,27.1,27.49,26.1,26.15,27.23,-1.0800000000000018,-3.97,136242.33,363333.245
600754.SH,2026-02-03,26.43,26.9,25.81,26.55,26.15,0.40000000000000213,1.53,116923.66,308598.952
600754.SH,2026-02-04,26.48,27.3,26.36,27.05,26.55,0.5,1.88,113453.89,305790.449
600754.SH,2026-02-05,27.09,28.8,27.02,28.44,27.05,1.3900000000000006,5.14,236744.32,669260.771
600754.SH,2026-02-06,28.45,28.75,27.72,27.81,28.44,-0.6300000000000026,-2.22,156255.03,438117.966
600754.SH,2026-02-09,27.97,27.97,27.56,27.87,27.81,0.060000000000002274,0.22,107894.53,299154.545
600754.SH,2026-02-10,27.8,28.33,27.12,28.17,27.87,0.3000000000000007,1.08,138320.0,384238.231
600754.SH,2026-02-11,28.23,28.24,27.32,27.51,28.17,-0.6600000000000001,-2.34,92566.01,255399.864
600754.SH,2026-02-12,27.51,27.56,26.3,26.75,27.51,-0.7600000000000016,-2.76,132580.14,354522.279
600754.SH,2026-02-13,26.66,27.1,26.55,26.62,26.75,-0.129999999999999,-0.49,62315.01,167109.988
600754.SH,2026-02-24,27.3,28.18,26.95,27.21,26.62,0.5899999999999999,2.22,213185.33,586978.368
600754.SH,2026-02-25,27.35,27.57,26.91,27.37,27.21,0.16000000000000014,0.59,96686.13,263579.259
600754.SH,2026-02-26,27.18,27.6,26.6,26.7,27.37,-0.6700000000000017,-2.45,124382.66,336790.872
600754.SH,2026-02-27,26.62,28.64,26.62,28.28,26.7,1.5800000000000018,5.92,202329.25,567813.658
600754.SH,2026-03-02,27.8,28.48,27.48,28.1,28.28,-0.17999999999999972,-0.64,110335.19,308540.505
600754.SH,2026-03-03,28.17,28.58,27.43,27.6,28.1,-0.5,-1.78,104308.58,291356.699
600754.SH,2026-03-04,27.35,28.4,27.25,27.38,27.6,-0.22000000000000242,-0.8,85626.31,237091.827
600754.SH,2026-03-05,27.59,27.61,26.56,26.7,27.38,-0.6799999999999997,-2.48,82125.31,221758.212
600754.SH,2026-03-06,26.66,27.29,26.5,26.76,26.7,0.060000000000002274,0.22,67573.45,181597.757
