ts_code,date,open,high,low,close,pre_close,change,pct_chg,vol,amount
301300.SZ,2022-08-19,50.24,62.57,48.16,52.71,33.02,19.689999999999998,59.63,102678.94,591377.842
301300.SZ,2022-08-22,46.32,47.93,42.9,42.93,52.71,-9.780000000000001,-18.55,75180.56,370808.745
301300.SZ,2022-08-23,41.65,44.58,41.32,41.96,42.93,-0.9699999999999989,-2.26,53596.57,250169.051
301300.SZ,2022-08-24,41.2,42.71,40.83,41.13,41.96,-0.8299999999999983,-1.98,44114.61,201286.049
301300.SZ,2022-08-25,40.92,40.92,37.36,37.74,41.13,-3.3900000000000006,-8.24,45856.79,194440.513
301300.SZ,2022-08-26,36.79,37.82,35.79,35.83,37.74,-1.9100000000000037,-5.06,37166.82,149190.331
301300.SZ,2022-08-29,34.72,36.15,34.71,35.63,35.83,-0.19999999999999574,-0.56,20182.88,78657.749
301300.SZ,2022-08-30,35.58,36.44,35.2,35.84,35.63,0.21000000000000085,0.59,22724.39,89098.897
301300.SZ,2022-08-31,35.17,35.58,33.7,33.91,35.84,-1.9300000000000068,-5.39,26586.87,99897.993
301300.SZ,2022-09-01,34.26,35.24,33.95,34.3,33.91,0.39000000000000057,1.15,23267.82,87938.093
301300.SZ,2022-09-02,34.26,35.42,33.99,34.96,34.3,0.6600000000000037,1.92,20824.37,79297.037
301300.SZ,2022-09-05,35.08,35.79,34.63,35.53,34.96,0.5700000000000003,1.63,19512.42,75265.467
301300.SZ,2022-09-06,35.36,38.61,35.33,38.6,35.53,3.0700000000000003,8.64,45330.31,183289.81
301300.SZ,2022-09-07,37.45,38.08,36.67,37.7,38.6,-0.8999999999999986,-2.33,33686.57,137465.688
301300.SZ,2022-09-08,36.95,37.07,35.33,35.41,37.7,-2.2900000000000063,-6.07,27720.0,109733.87
301300.SZ,2022-09-09,35.45,38.8,35.44,37.81,35.41,2.4000000000000057,6.78,39859.57,163124.943
301300.SZ,2022-09-13,37.73,37.73,36.34,37.01,37.81,-0.8000000000000043,-2.12,23208.93,94137.944
301300.SZ,2022-09-14,36.16,38.52,35.81,37.85,37.01,0.8400000000000034,2.27,31055.71,127775.042
301300.SZ,2022-09-15,37.53,38.18,35.95,36.8,37.85,-1.0500000000000043,-2.77,24341.27,98060.537
301300.SZ,2022-09-16,36.2,36.69,34.33,34.39,36.8,-2.4099999999999966,-6.55,23460.79,90598.526
301300.SZ,2022-09-19,34.27,35.8,33.86,34.58,34.39,0.18999999999999773,0.55,18504.62,70744.502
301300.SZ,2022-09-20,34.32,35.58,34.32,35.03,34.58,0.45000000000000284,1.3,13999.01,53740.751
301300.SZ,2022-09-21,35.06,36.16,34.75,35.5,35.03,0.46999999999999886,1.34,16564.53,64556.627
301300.SZ,2022-09-22,35.17,35.99,34.62,34.66,35.5,-0.8400000000000034,-2.37,15566.58,60143.281
301300.SZ,2022-09-23,34.8,35.32,33.34,33.34,34.66,-1.3199999999999932,-3.81,15972.58,59663.64
301300.SZ,2022-09-26,32.95,33.47,31.52,31.77,33.34,-1.5700000000000038,-4.71,15021.08,53278.021
301300.SZ,2022-09-27,32.34,33.43,32.21,32.71,31.77,0.9400000000000013,2.96,13699.04,49056.267
301300.SZ,2022-09-28,32.26,33.09,32.26,32.96,32.71,0.25,0.76,12508.88,44730.725
301300.SZ,2022-09-29,32.89,33.22,32.52,33.03,32.96,0.07000000000000028,0.21,13832.25,49894.813
301300.SZ,2022-09-30,33.16,34.3,32.58,33.21,33.03,0.17999999999999972,0.54,19915.13,72577.242
301300.SZ,2022-10-10,33.21,33.53,31.38,32.15,33.21,-1.0600000000000023,-3.19,15048.56,53544.902
301300.SZ,2022-10-11,32.15,32.43,30.92,31.88,32.15,-0.2699999999999996,-0.84,12083.08,41929.172
301300.SZ,2022-10-12,31.99,32.7,31.25,32.57,31.88,0.6900000000000013,2.16,13045.92,45710.319
301300.SZ,2022-10-13,32.16,32.95,32.16,32.61,32.57,0.03999999999999915,0.12,12915.43,46280.254
301300.SZ,2022-10-14,33.02,33.49,32.73,33.03,32.61,0.4200000000000017,1.29,13657.92,49383.637
301300.SZ,2022-10-17,32.65,33.65,32.65,33.65,33.03,0.6199999999999974,1.88,13180.45,48111.212
301300.SZ,2022-10-18,33.65,33.75,33.02,33.05,33.65,-0.6000000000000014,-1.78,11154.41,40602.061
301300.SZ,2022-10-19,32.95,33.12,32.15,32.18,33.05,-0.8699999999999974,-2.63,10202.91,36358.931
301300.SZ,2022-10-20,32.11,33.19,31.76,33.0,32.18,0.8200000000000003,2.55,12595.44,44842.608
301300.SZ,2022-10-21,33.16,33.21,31.39,31.66,33.0,-1.3399999999999999,-4.06,13766.88,48335.07
301300.SZ,2022-10-24,31.67,34.88,31.66,34.02,31.66,2.360000000000003,7.45,34796.4,128541.892
301300.SZ,2022-10-25,33.66,33.84,31.39,32.36,34.02,-1.6600000000000037,-4.88,25560.16,90867.782
301300.SZ,2022-10-26,31.93,32.78,31.33,32.65,32.36,0.28999999999999915,0.9,20184.71,70936.613
301300.SZ,2022-10-27,32.59,32.67,31.53,31.81,32.65,-0.8399999999999999,-2.57,17817.18,62493.722
301300.SZ,2022-10-28,31.79,31.79,29.78,29.78,31.81,-2.0299999999999976,-6.38,17000.07,56990.557
301300.SZ,2022-10-31,29.69,30.41,29.53,30.15,29.78,0.36999999999999744,1.24,8132.73,26770.915
301300.SZ,2022-11-01,30.24,30.85,30.2,30.77,30.15,0.620000000000001,2.06,8674.29,28994.421
301300.SZ,2022-11-02,30.73,31.66,30.56,31.4,30.77,0.629999999999999,2.05,13641.03,46779.724
301300.SZ,2022-11-03,31.41,32.18,31.23,32.04,31.4,0.6400000000000006,2.04,13381.56,46470.778
301300.SZ,2022-11-04,31.98,32.86,31.94,32.61,32.04,0.5700000000000003,1.78,17627.3,62676.564
301300.SZ,2022-11-07,32.45,33.75,32.45,33.42,32.61,0.8100000000000023,2.48,17729.22,64630.192
301300.SZ,2022-11-08,33.3,34.85,33.24,33.63,33.42,0.21000000000000085,0.63,19626.49,72637.792
301300.SZ,2022-11-09,33.53,33.96,33.17,33.21,33.63,-0.4200000000000017,-1.25,13374.55,49033.727
301300.SZ,2022-11-10,33.17,33.54,32.55,32.57,33.21,-0.6400000000000006,-1.93,10601.33,38238.06
301300.SZ,2022-11-11,33.24,33.45,32.43,32.58,32.57,0.00999999999999801,0.03,10101.92,36393.309
301300.SZ,2022-11-14,32.5,33.02,32.16,32.23,32.58,-0.3500000000000014,-1.07,8689.05,30973.848
301300.SZ,2022-11-15,32.35,33.8,32.12,33.8,32.23,1.5700000000000003,4.87,15479.45,56477.407
301300.SZ,2022-11-16,34.16,34.26,32.99,33.33,33.8,-0.46999999999999886,-1.39,10770.21,39376.993
301300.SZ,2022-11-17,33.37,33.74,33.0,33.7,33.33,0.37000000000000455,1.11,8148.45,29822.175
301300.SZ,2022-11-18,33.71,33.71,32.68,32.95,33.7,-0.75,-2.23,9344.75,33936.541
301300.SZ,2022-11-21,33.01,33.67,32.54,33.61,32.95,0.6599999999999966,2.0,9036.54,32412.852
301300.SZ,2022-11-22,33.71,33.84,32.49,32.57,33.61,-1.0399999999999991,-3.09,10166.0,36439.683
301300.SZ,2022-11-23,32.48,32.88,31.3,31.62,32.57,-0.9499999999999993,-2.92,9389.12,32252.779
301300.SZ,2022-11-24,31.92,33.64,31.52,33.61,31.62,1.9899999999999984,6.29,18609.05,66418.367
301300.SZ,2022-11-25,33.19,33.95,32.78,32.97,33.61,-0.6400000000000006,-1.9,11124.57,40037.409
301300.SZ,2022-11-28,32.74,33.04,31.65,31.92,32.97,-1.0499999999999972,-3.18,11337.85,39579.065
301300.SZ,2022-11-29,31.79,32.2,31.6,32.04,31.92,0.11999999999999744,0.38,8135.0,28117.201
301300.SZ,2022-11-30,32.0,32.2,31.87,32.07,32.04,0.030000000000001137,0.09,6841.42,23711.994
301300.SZ,2022-12-01,32.25,32.65,32.16,32.32,32.07,0.25,0.78,8057.4,28222.455
301300.SZ,2022-12-02,32.2,33.66,32.06,33.61,32.32,1.2899999999999991,3.99,17457.03,62707.998
301300.SZ,2022-12-05,33.9,33.96,32.88,33.29,33.61,-0.3200000000000003,-0.95,12692.17,45647.956
301300.SZ,2022-12-06,33.16,33.39,32.64,32.88,33.29,-0.4099999999999966,-1.23,9717.24,34738.558
301300.SZ,2022-12-07,32.67,33.73,32.67,33.01,32.88,0.12999999999999545,0.4,9459.92,33911.811
301300.SZ,2022-12-08,32.94,34.63,32.43,34.21,33.01,1.2000000000000028,3.64,28900.25,105936.132
301300.SZ,2022-12-09,34.18,34.58,33.62,33.76,34.21,-0.45000000000000284,-1.32,19733.79,72718.814
301300.SZ,2022-12-12,33.9,33.99,33.18,33.28,33.76,-0.4799999999999969,-1.42,9965.84,36037.212
301300.SZ,2022-12-13,33.3,33.42,32.05,32.24,33.28,-1.0399999999999991,-3.12,13889.51,48984.465
301300.SZ,2022-12-14,32.17,32.52,31.87,32.0,32.24,-0.240000000000002,-0.74,7766.33,27027.161
301300.SZ,2022-12-15,31.68,32.31,31.67,32.03,32.0,0.030000000000001137,0.09,5950.08,20641.317
301300.SZ,2022-12-16,32.03,32.03,30.65,30.82,32.03,-1.2100000000000009,-3.78,11293.43,37872.177
301300.SZ,2022-12-19,30.96,30.96,30.02,30.07,30.82,-0.75,-2.43,5663.37,18604.097
301300.SZ,2022-12-20,30.26,30.48,29.91,30.47,30.07,0.3999999999999986,1.33,4359.47,14283.635
301300.SZ,2022-12-21,30.48,30.56,29.85,29.99,30.47,-0.4800000000000004,-1.58,4227.5,13805.743
301300.SZ,2022-12-22,30.38,30.39,28.85,28.85,29.99,-1.139999999999997,-3.8,6785.34,21654.612
301300.SZ,2022-12-23,28.65,29.2,28.32,28.58,28.85,-0.2700000000000031,-0.94,5210.22,16180.891
301300.SZ,2022-12-26,28.52,29.15,28.52,29.07,28.58,0.490000000000002,1.71,4320.62,13545.532
301300.SZ,2022-12-27,29.02,29.17,28.75,29.12,29.07,0.05000000000000071,0.17,3148.58,9858.434
301300.SZ,2022-12-28,29.11,29.11,28.11,28.16,29.12,-0.9600000000000009,-3.3,5758.84,17697.113
301300.SZ,2022-12-29,28.04,28.52,27.9,27.9,28.16,-0.26000000000000156,-0.92,3403.0,10354.086
301300.SZ,2022-12-30,28.08,28.16,27.79,28.02,27.9,0.120000000000001,0.43,2537.92,7685.241
301300.SZ,2023-01-03,28.09,28.98,28.04,28.93,28.02,0.9100000000000001,3.25,4910.92,15257.895
301300.SZ,2023-01-04,28.94,29.14,28.54,28.94,28.93,0.010000000000001563,0.03,4207.06,13140.069
301300.SZ,2023-01-05,29.05,29.19,28.67,29.12,28.94,0.17999999999999972,0.62,4149.02,13036.954
301300.SZ,2023-01-06,29.12,29.85,29.12,29.25,29.12,0.129999999999999,0.45,6545.96,20893.25
301300.SZ,2023-01-09,29.43,29.72,29.21,29.33,29.25,0.0799999999999983,0.27,4976.5,15843.399
301300.SZ,2023-01-10,29.4,29.4,28.91,29.02,29.33,-0.3099999999999987,-1.06,3397.84,10690.837
301300.SZ,2023-01-11,29.02,29.03,28.61,28.69,29.02,-0.3299999999999983,-1.14,3763.0,11745.944
301300.SZ,2023-01-12,28.47,28.84,28.39,28.42,28.69,-0.2699999999999996,-0.94,2729.68,8448.884
301300.SZ,2023-01-13,28.39,28.79,28.39,28.74,28.42,0.31999999999999673,1.13,2631.0,8158.931
301300.SZ,2023-01-16,28.71,29.36,28.54,29.25,28.74,0.5100000000000016,1.77,4119.22,12988.377
301300.SZ,2023-01-17,29.07,29.46,29.07,29.3,29.25,0.05000000000000071,0.17,3388.0,10723.319
301300.SZ,2023-01-18,30.22,30.22,29.45,29.56,29.3,0.259999999999998,0.89,7189.76,23155.766
301300.SZ,2023-01-19,29.56,29.96,29.4,29.93,29.56,0.370000000000001,1.25,6458.32,20811.114
301300.SZ,2023-01-20,29.84,30.12,29.84,29.94,29.93,0.010000000000001563,0.03,4008.0,13001.98
301300.SZ,2023-01-30,30.24,30.63,30.22,30.26,29.94,0.3200000000000003,1.07,6246.12,20541.14
301300.SZ,2023-01-31,30.27,30.48,30.17,30.47,30.26,0.2099999999999973,0.69,3837.92,12621.587
301300.SZ,2023-02-01,30.48,31.28,30.47,31.22,30.47,0.75,2.46,8576.51,28752.196
301300.SZ,2023-02-02,31.41,31.73,31.05,31.23,31.22,0.010000000000001563,0.03,8161.0,27708.809
301300.SZ,2023-02-03,31.08,31.37,30.85,31.31,31.23,0.0799999999999983,0.26,6381.92,21448.48
301300.SZ,2023-02-06,31.31,31.67,31.11,31.33,31.31,0.019999999999999574,0.06,4502.84,15299.756
301300.SZ,2023-02-07,31.33,31.79,31.32,31.78,31.33,0.45000000000000284,1.44,6095.02,20855.377
301300.SZ,2023-02-08,31.92,32.58,31.34,31.35,31.78,-0.4299999999999997,-1.35,9975.5,34331.217
301300.SZ,2023-02-09,31.43,32.41,31.41,32.21,31.35,0.8599999999999994,2.74,12533.02,43543.565
301300.SZ,2023-02-10,32.01,32.36,31.76,31.93,32.21,-0.28000000000000114,-0.87,8766.12,30413.082
301300.SZ,2023-02-13,31.9,32.47,31.9,32.45,31.93,0.5200000000000031,1.63,8321.5,29069.053
301300.SZ,2023-02-14,32.63,32.63,32.14,32.45,32.45,0.0,0.0,7305.79,25566.828
301300.SZ,2023-02-15,32.59,32.59,32.05,32.05,32.45,-0.4000000000000057,-1.23,7992.54,27898.541
301300.SZ,2023-02-16,32.06,32.27,30.79,31.02,32.05,-1.0299999999999976,-3.21,9838.01,33590.275
301300.SZ,2023-02-17,31.07,31.5,30.96,31.04,31.02,0.019999999999999574,0.06,4665.0,15755.665
301300.SZ,2023-02-20,31.03,31.18,30.49,31.15,31.04,0.10999999999999943,0.35,9622.92,32163.754
301300.SZ,2023-02-21,31.12,33.04,31.04,32.38,31.15,1.230000000000004,3.95,21947.17,76743.453
301300.SZ,2023-02-22,32.05,32.25,31.67,32.03,32.38,-0.3500000000000014,-1.08,12280.13,42364.624
301300.SZ,2023-02-23,31.91,32.2,31.57,31.94,32.03,-0.08999999999999986,-0.28,7497.55,25875.584
301300.SZ,2023-02-24,32.08,32.08,31.32,31.47,31.94,-0.4700000000000024,-1.47,5627.94,19231.982
301300.SZ,2023-02-27,31.48,33.28,31.06,33.09,31.47,1.6200000000000045,5.15,27719.68,97986.846
301300.SZ,2023-02-28,32.98,32.98,32.06,32.5,33.09,-0.5900000000000034,-1.78,14936.05,52394.753
301300.SZ,2023-03-01,32.33,32.52,31.93,32.32,32.5,-0.17999999999999972,-0.55,10847.8,37772.841
301300.SZ,2023-03-02,32.09,32.38,31.66,31.68,32.32,-0.6400000000000006,-1.98,9650.35,33364.131
301300.SZ,2023-03-03,31.65,31.79,31.23,31.35,31.68,-0.3299999999999983,-1.04,7196.66,24507.661
301300.SZ,2023-03-06,31.71,31.71,31.06,31.31,31.35,-0.0400000000000027,-0.13,6155.86,20875.166
301300.SZ,2023-03-07,31.18,31.27,30.21,30.21,31.31,-1.0999999999999979,-3.51,8746.84,29114.958
301300.SZ,2023-03-08,30.21,30.73,30.11,30.71,30.21,0.5,1.66,4650.6,15358.666
301300.SZ,2023-03-09,30.84,31.62,30.69,31.21,30.71,0.5,1.63,6306.78,21299.825
301300.SZ,2023-03-10,31.13,31.31,30.88,30.97,31.21,-0.240000000000002,-0.77,4722.24,15891.88
301300.SZ,2023-03-13,30.77,31.15,30.18,30.37,30.97,-0.5999999999999979,-1.94,5254.6,17323.601
301300.SZ,2023-03-14,30.37,30.42,29.26,29.75,30.37,-0.620000000000001,-2.04,7791.62,25043.523
301300.SZ,2023-03-15,29.8,30.78,29.8,30.16,29.75,0.41000000000000014,1.38,5086.85,16721.228
301300.SZ,2023-03-16,29.85,30.27,29.64,29.88,30.16,-0.28000000000000114,-0.93,4182.75,13584.269
301300.SZ,2023-03-17,29.92,30.58,29.84,29.92,29.88,0.0400000000000027,0.13,4311.26,14061.83
301300.SZ,2023-03-20,30.01,30.16,29.38,29.88,29.92,-0.0400000000000027,-0.13,4452.0,14344.772
301300.SZ,2023-03-21,29.9,30.56,29.72,30.46,29.88,0.5800000000000018,1.94,4887.46,16005.572
301300.SZ,2023-03-22,30.58,31.22,30.4,30.85,30.46,0.39000000000000057,1.28,6461.43,21575.129
301300.SZ,2023-03-23,30.7,31.22,30.48,30.66,30.85,-0.19000000000000128,-0.62,5356.75,17788.085
301300.SZ,2023-03-24,30.8,31.77,30.63,31.41,30.66,0.75,2.45,13757.18,46717.023
301300.SZ,2023-03-27,31.41,31.41,30.66,30.81,31.41,-0.6000000000000014,-1.91,8207.01,27504.596
301300.SZ,2023-03-28,30.94,31.78,30.61,31.34,30.81,0.5300000000000011,1.72,11205.23,38100.715
301300.SZ,2023-03-29,31.34,31.36,30.75,30.88,31.34,-0.46000000000000085,-1.47,6957.96,23337.638
301300.SZ,2023-03-30,30.87,32.33,30.68,31.68,30.88,0.8000000000000007,2.59,19569.56,67403.498
301300.SZ,2023-03-31,31.59,31.8,31.07,31.14,31.68,-0.5399999999999991,-1.7,12399.06,42001.768
301300.SZ,2023-04-03,31.04,31.5,30.91,31.05,31.14,-0.08999999999999986,-0.29,7923.13,26668.064
301300.SZ,2023-04-04,31.05,31.05,29.84,29.91,31.05,-1.1400000000000006,-3.67,10798.3,35344.424
301300.SZ,2023-04-06,30.12,30.71,29.65,30.19,29.91,0.28000000000000114,0.94,6680.73,21806.78
301300.SZ,2023-04-07,30.19,30.45,30.05,30.17,30.19,-0.019999999999999574,-0.07,3856.33,12617.203
301300.SZ,2023-04-10,30.11,30.33,29.39,29.6,30.17,-0.5700000000000003,-1.89,6154.67,19893.685
301300.SZ,2023-04-11,29.82,29.84,29.24,29.26,29.6,-0.33999999999999986,-1.15,4427.74,14067.381
301300.SZ,2023-04-12,29.25,29.55,29.17,29.54,29.26,0.2799999999999976,0.96,4591.5,14580.998
301300.SZ,2023-04-13,29.5,29.5,28.91,28.91,29.54,-0.629999999999999,-2.13,6053.33,19114.749
301300.SZ,2023-04-14,29.08,29.27,28.74,29.16,28.91,0.25,0.86,4203.22,13244.272
301300.SZ,2023-04-17,29.33,29.41,29.05,29.32,29.16,0.16000000000000014,0.55,3503.03,11100.609
301300.SZ,2023-04-18,29.32,29.32,28.64,28.71,29.32,-0.6099999999999994,-2.08,5839.59,18244.97
301300.SZ,2023-04-19,28.72,28.8,28.32,28.63,28.71,-0.08000000000000185,-0.28,4004.33,12369.396
301300.SZ,2023-04-20,28.68,28.77,28.03,28.15,28.63,-0.4800000000000004,-1.68,5577.1,17030.515
301300.SZ,2023-04-21,27.71,27.99,26.72,26.88,28.15,-1.2699999999999996,-4.51,10104.83,29894.797
301300.SZ,2023-04-24,26.8,26.81,26.12,26.46,26.88,-0.41999999999999815,-1.56,4698.83,13440.746
301300.SZ,2023-04-25,26.77,26.77,25.4,25.94,26.46,-0.5199999999999996,-1.97,4697.15,13217.735
301300.SZ,2023-04-26,25.85,26.47,25.78,26.32,25.94,0.379999999999999,1.46,3599.38,10230.853
301300.SZ,2023-04-27,26.22,26.8,25.9,26.58,26.32,0.259999999999998,0.99,2807.64,8075.957
301300.SZ,2023-04-28,26.77,27.76,26.61,27.27,26.58,0.6900000000000013,2.6,5026.13,14752.756
301300.SZ,2023-05-04,27.06,27.55,27.06,27.42,27.27,0.15000000000000213,0.55,3491.11,10343.396
301300.SZ,2023-05-05,27.88,27.9,26.7,26.78,27.42,-0.6400000000000006,-2.33,3761.11,10991.456
301300.SZ,2023-05-08,26.87,27.19,26.87,26.95,26.78,0.16999999999999815,0.63,2486.84,7281.495
301300.SZ,2023-05-09,26.8,27.02,26.15,26.15,26.95,-0.8000000000000007,-2.97,3488.66,9983.263
301300.SZ,2023-05-10,26.12,26.88,26.11,26.51,26.15,0.360000000000003,1.38,2931.13,8417.088
301300.SZ,2023-05-11,27.13,30.48,27.04,28.4,26.51,1.889999999999997,7.13,25997.01,81842.661
301300.SZ,2023-05-12,28.27,28.4,27.16,27.16,28.4,-1.2399999999999984,-4.37,17032.4,50964.763
301300.SZ,2023-05-15,27.12,28.14,26.98,27.55,27.16,0.39000000000000057,1.44,11637.38,34706.827
301300.SZ,2023-05-16,27.43,28.22,27.07,27.67,27.55,0.120000000000001,0.44,11229.5,33768.496
301300.SZ,2023-05-17,27.46,28.13,27.43,28.08,27.67,0.4099999999999966,1.48,7150.39,21608.003
301300.SZ,2023-05-18,27.9,28.24,27.67,27.81,28.08,-0.2699999999999996,-0.96,5561.11,16745.058
301300.SZ,2023-05-19,28.17,28.17,27.68,28.04,27.81,0.23000000000000043,0.83,5911.94,17884.019
301300.SZ,2023-05-22,27.9,28.8,27.86,28.71,28.04,0.6700000000000017,2.39,7586.72,23339.787
301300.SZ,2023-05-23,28.77,29.12,28.42,28.8,28.71,0.08999999999999986,0.31,6675.97,20842.41
301300.SZ,2023-05-24,28.52,29.11,28.52,28.76,28.8,-0.03999999999999915,-0.14,5132.41,16033.947
301300.SZ,2023-05-25,28.91,29.3,28.44,29.08,28.76,0.31999999999999673,1.11,7092.92,21876.282
301300.SZ,2023-05-26,28.9,29.15,28.64,28.77,29.08,-0.3099999999999987,-1.07,5116.61,15756.975
301300.SZ,2023-05-29,29.06,29.15,28.54,28.93,28.77,0.16000000000000014,0.56,5381.16,16560.064
301300.SZ,2023-05-30,28.87,29.0,28.33,28.45,28.93,-0.4800000000000004,-1.66,4605.1,14058.863
301300.SZ,2023-05-31,28.38,28.64,28.21,28.31,28.45,-0.14000000000000057,-0.49,3136.72,9508.603
301300.SZ,2023-06-01,28.16,28.84,28.16,28.6,28.3,0.3000000000000007,1.06,3509.79,10742.377
301300.SZ,2023-06-02,29.0,29.01,28.53,28.95,28.6,0.34999999999999787,1.22,5499.11,16972.39
301300.SZ,2023-06-05,29.18,29.18,28.72,28.72,28.95,-0.23000000000000043,-0.79,3336.81,10286.704
301300.SZ,2023-06-06,29.03,29.03,28.11,28.13,28.72,-0.5899999999999999,-2.05,4696.94,14246.613
301300.SZ,2023-06-07,28.21,28.32,27.93,28.22,28.13,0.08999999999999986,0.32,2421.94,7294.134
301300.SZ,2023-06-08,28.16,28.52,28.02,28.03,28.22,-0.18999999999999773,-0.67,3161.29,9547.996
301300.SZ,2023-06-09,28.06,28.41,27.94,28.41,28.03,0.379999999999999,1.36,3009.8,9087.957
301300.SZ,2023-06-12,28.33,29.18,28.06,29.02,28.41,0.6099999999999994,2.15,6322.91,19426.335
301300.SZ,2023-06-13,29.02,29.33,28.82,29.33,29.02,0.3099999999999987,1.07,6982.89,21741.885
301300.SZ,2023-06-14,29.32,29.37,28.81,29.09,29.33,-0.23999999999999844,-0.82,5233.49,16242.004
301300.SZ,2023-06-15,28.93,29.14,28.85,28.91,29.09,-0.17999999999999972,-0.62,4614.15,14273.64
301300.SZ,2023-06-16,28.89,30.24,28.89,29.41,28.91,0.5,1.73,13838.24,43949.696
301300.SZ,2023-06-19,29.4,30.74,29.37,30.28,29.41,0.870000000000001,2.96,16192.12,52320.941
301300.SZ,2023-06-20,30.1,30.32,29.37,29.59,30.28,-0.6900000000000013,-2.28,7275.95,23124.208
301300.SZ,2023-06-21,29.85,30.02,28.93,28.97,29.59,-0.620000000000001,-2.1,4932.52,15492.454
301300.SZ,2023-06-26,28.76,29.16,28.25,28.48,28.97,-0.48999999999999844,-1.69,6215.0,19030.147
301300.SZ,2023-06-27,28.64,29.07,28.55,28.94,28.48,0.46000000000000085,1.62,3507.68,10813.279
301300.SZ,2023-06-28,28.94,29.16,28.34,28.7,28.94,-0.240000000000002,-0.83,3855.22,11775.253
301300.SZ,2023-06-29,28.42,29.45,28.42,29.26,28.7,0.5600000000000023,1.95,5241.0,16361.873
301300.SZ,2023-06-30,29.34,29.86,29.17,29.56,29.26,0.29999999999999716,1.03,6263.83,19853.864
301300.SZ,2023-07-03,29.61,29.89,29.35,29.47,29.56,-0.08999999999999986,-0.3,4209.11,13277.271
301300.SZ,2023-07-04,29.28,30.03,29.28,29.86,29.47,0.39000000000000057,1.32,5060.21,16106.002
301300.SZ,2023-07-05,29.74,30.23,29.67,29.74,29.86,-0.120000000000001,-0.4,4389.02,14023.517
301300.SZ,2023-07-06,29.74,30.02,29.37,29.83,29.74,0.08999999999999986,0.3,4459.06,14191.493
301300.SZ,2023-07-07,29.83,29.96,29.62,29.75,29.83,-0.0799999999999983,-0.27,3668.0,11684.456
301300.SZ,2023-07-10,29.93,30.43,29.76,30.05,29.75,0.3000000000000007,1.01,7480.06,24124.8
301300.SZ,2023-07-11,29.93,30.27,29.76,30.05,30.05,0.0,0.0,5499.22,17613.902
301300.SZ,2023-07-12,30.03,30.63,29.93,30.23,30.05,0.17999999999999972,0.6,7694.53,24990.025
301300.SZ,2023-07-13,30.12,30.9,30.12,30.58,30.23,0.34999999999999787,1.16,8591.78,28143.62
301300.SZ,2023-07-14,30.58,32.04,30.18,31.74,30.58,1.1600000000000001,3.79,25267.57,84852.406
301300.SZ,2023-07-17,31.8,31.89,30.78,31.07,31.74,-0.6699999999999982,-2.11,14906.25,49709.671
301300.SZ,2023-07-18,30.83,31.02,30.4,30.66,31.07,-0.41000000000000014,-1.32,8061.31,26384.714
301300.SZ,2023-07-19,30.71,30.78,30.04,30.25,30.66,-0.41000000000000014,-1.34,7361.01,23818.871
301300.SZ,2023-07-20,30.38,30.48,29.55,29.65,30.25,-0.6000000000000014,-1.98,5944.38,19001.576
301300.SZ,2023-07-21,29.61,29.8,29.18,29.28,29.65,-0.36999999999999744,-1.25,4991.59,15724.38
301300.SZ,2023-07-24,29.44,29.6,28.88,29.49,29.28,0.2099999999999973,0.72,2855.0,8965.989
301300.SZ,2023-07-25,29.73,30.11,29.63,30.09,29.49,0.6000000000000014,2.03,3566.6,11417.898
301300.SZ,2023-07-26,29.97,30.69,29.97,30.31,30.09,0.21999999999999886,0.73,4701.27,15282.013
301300.SZ,2023-07-27,30.65,30.82,29.83,29.93,30.31,-0.379999999999999,-1.25,5270.0,17045.516
301300.SZ,2023-07-28,30.06,30.19,29.27,30.11,29.93,0.17999999999999972,0.6,4857.66,15460.783
301300.SZ,2023-07-31,30.2,30.63,30.1,30.4,30.11,0.28999999999999915,0.96,4899.07,15914.852
301300.SZ,2023-08-01,30.24,30.66,30.13,30.57,30.4,0.1700000000000017,0.56,4429.46,14396.941
301300.SZ,2023-08-02,30.53,30.55,29.99,30.39,30.57,-0.17999999999999972,-0.59,3300.68,10673.08
301300.SZ,2023-08-03,29.68,30.33,29.68,30.01,30.39,-0.379999999999999,-1.25,3817.61,12253.741
301300.SZ,2023-08-04,30.59,30.59,28.62,28.68,30.01,-1.3300000000000018,-4.43,11597.7,36303.048
301300.SZ,2023-08-07,28.81,28.81,27.97,28.1,28.68,-0.5799999999999983,-2.02,5667.72,17100.876
301300.SZ,2023-08-08,28.16,28.59,27.88,28.44,28.1,0.33999999999999986,1.21,3742.0,11283.449
301300.SZ,2023-08-09,29.0,29.0,27.99,28.21,28.44,-0.23000000000000043,-0.81,3116.5,9423.758
301300.SZ,2023-08-10,28.34,29.62,28.09,29.48,28.21,1.2699999999999996,4.5,11798.26,36794.178
301300.SZ,2023-08-11,29.45,29.91,29.31,29.36,29.48,-0.120000000000001,-0.41,6553.19,20737.105
301300.SZ,2023-08-14,29.19,29.65,28.8,29.21,29.36,-0.14999999999999858,-0.51,5255.86,16348.036
301300.SZ,2023-08-15,29.45,30.65,28.98,30.17,29.21,0.9600000000000009,3.29,17343.8,55736.308
301300.SZ,2023-08-16,29.85,30.82,29.76,30.01,30.17,-0.16000000000000014,-0.53,12140.53,39439.766
301300.SZ,2023-08-17,29.8,29.82,28.9,29.76,30.01,-0.25,-0.83,8977.14,28225.72
301300.SZ,2023-08-18,29.69,30.96,29.63,30.36,29.76,0.5999999999999979,2.02,14387.82,46923.199
301300.SZ,2023-08-21,30.07,30.59,30.04,30.28,30.36,-0.0799999999999983,-0.26,7224.0,23402.252
301300.SZ,2023-08-22,30.11,30.38,28.26,28.72,30.28,-1.5600000000000023,-5.15,12033.48,37405.589
301300.SZ,2023-08-23,28.72,29.18,28.06,28.15,28.72,-0.5700000000000003,-1.98,6713.75,20518.672
301300.SZ,2023-08-24,28.31,28.34,27.21,27.28,28.15,-0.8699999999999974,-3.09,6968.92,20510.482
301300.SZ,2023-08-25,27.27,27.64,26.55,26.65,27.28,-0.6300000000000026,-2.31,5699.64,16513.994
301300.SZ,2023-08-28,27.71,28.21,26.63,26.76,26.65,0.11000000000000298,0.41,8334.62,24441.315
301300.SZ,2023-08-29,26.89,28.54,26.65,28.52,26.76,1.759999999999998,6.58,13572.41,40610.743
301300.SZ,2023-08-30,28.52,29.93,28.48,29.43,28.52,0.9100000000000001,3.19,11834.27,37302.996
301300.SZ,2023-08-31,29.66,30.16,29.54,29.95,29.43,0.5199999999999996,1.77,10803.22,34486.833
301300.SZ,2023-09-01,30.17,30.35,29.57,29.92,29.95,-0.029999999999997584,-0.1,5842.76,18671.215
301300.SZ,2023-09-04,29.94,30.3,29.39,29.68,29.92,-0.240000000000002,-0.8,5748.88,18274.27
301300.SZ,2023-09-05,29.68,30.01,29.47,29.56,29.68,-0.120000000000001,-0.4,3710.96,11764.273
301300.SZ,2023-09-06,29.52,29.97,29.51,29.87,29.56,0.3100000000000023,1.05,4020.3,12795.673
301300.SZ,2023-09-07,29.81,30.34,29.51,29.62,29.87,-0.25,-0.84,5820.48,18613.658
301300.SZ,2023-09-08,29.59,29.86,29.29,29.42,29.62,-0.1999999999999993,-0.68,4629.26,14586.02
301300.SZ,2023-09-11,29.44,29.91,29.1,29.7,29.42,0.2799999999999976,0.95,4542.44,14380.319
301300.SZ,2023-09-12,29.7,29.7,29.28,29.46,29.7,-0.23999999999999844,-0.81,3025.0,9523.529
301300.SZ,2023-09-13,29.55,31.14,29.55,30.21,29.46,0.75,2.55,25015.78,81305.172
301300.SZ,2023-09-14,30.21,30.55,28.67,29.22,30.21,-0.990000000000002,-3.28,20615.43,64353.703
301300.SZ,2023-09-15,29.14,29.16,28.17,28.33,29.22,-0.8900000000000006,-3.05,10376.62,31644.875
301300.SZ,2023-09-18,28.32,29.45,27.59,29.11,28.33,0.7800000000000011,2.75,8563.9,26519.088
301300.SZ,2023-09-19,29.36,29.36,28.1,28.28,29.11,-0.8299999999999983,-2.85,5846.0,17742.734
301300.SZ,2023-09-20,28.28,28.75,28.16,28.33,28.28,0.04999999999999716,0.18,5543.0,16846.686
301300.SZ,2023-09-21,28.39,28.61,28.06,28.17,28.33,-0.1599999999999966,-0.56,3928.6,11875.877
301300.SZ,2023-09-22,28.18,28.85,27.88,28.67,28.17,0.5,1.77,4623.0,14066.157
301300.SZ,2023-09-25,28.67,28.93,28.41,28.6,28.67,-0.07000000000000028,-0.24,4067.47,12462.485
301300.SZ,2023-09-26,28.6,28.86,28.21,28.52,28.6,-0.08000000000000185,-0.28,4304.11,13120.725
301300.SZ,2023-09-27,28.86,29.39,28.24,28.91,28.52,0.39000000000000057,1.37,5051.0,15662.012
301300.SZ,2023-09-28,28.9,29.39,28.86,29.06,28.91,0.14999999999999858,0.52,3306.2,10303.49
301300.SZ,2023-10-09,29.06,29.21,28.55,28.63,29.06,-0.4299999999999997,-1.48,4688.11,14409.116
301300.SZ,2023-10-10,28.64,28.86,28.41,28.47,28.63,-0.16000000000000014,-0.56,3436.22,10490.26
301300.SZ,2023-10-11,28.45,28.81,28.24,28.57,28.47,0.10000000000000142,0.35,3221.11,9839.393
301300.SZ,2023-10-12,28.74,28.97,28.44,28.96,28.57,0.39000000000000057,1.37,3954.11,12130.17
301300.SZ,2023-10-13,28.85,28.85,28.23,28.49,28.96,-0.4700000000000024,-1.62,4702.97,14300.496
301300.SZ,2023-10-16,28.49,28.5,27.96,28.25,28.49,-0.23999999999999844,-0.84,4308.11,12955.203
301300.SZ,2023-10-17,28.2,28.25,27.74,28.08,28.25,-0.1700000000000017,-0.6,4441.22,13303.35
301300.SZ,2023-10-18,28.14,28.14,27.27,27.44,28.08,-0.639999999999997,-2.28,3749.0,11044.887
301300.SZ,2023-10-19,27.56,28.2,27.13,27.47,27.44,0.029999999999997584,0.11,3581.0,10609.731
301300.SZ,2023-10-20,27.21,28.24,27.21,27.32,27.47,-0.14999999999999858,-0.55,3972.11,11718.863
301300.SZ,2023-10-23,27.12,27.32,26.27,26.57,27.32,-0.75,-2.75,4463.63,12746.399
301300.SZ,2023-10-24,26.67,28.21,26.5,28.13,26.57,1.5599999999999987,5.87,6921.01,20544.729
301300.SZ,2023-10-25,28.39,28.84,28.14,28.67,28.13,0.5400000000000027,1.92,5164.43,15758.798
301300.SZ,2023-10-26,28.45,28.86,28.26,28.74,28.67,0.06999999999999673,0.24,5034.53,15362.202
301300.SZ,2023-10-27,28.55,29.12,28.55,29.09,28.74,0.3500000000000014,1.22,5523.0,17096.244
301300.SZ,2023-10-30,29.06,29.33,28.86,29.13,29.09,0.03999999999999915,0.14,4872.19,15156.52
301300.SZ,2023-10-31,29.14,29.36,28.96,29.17,29.13,0.0400000000000027,0.14,3451.0,10748.556
301300.SZ,2023-11-01,29.18,29.56,28.91,29.53,29.17,0.35999999999999943,1.23,4233.24,13294.35
301300.SZ,2023-11-02,29.53,29.65,29.02,29.21,29.53,-0.3200000000000003,-1.08,2924.0,9141.856
301300.SZ,2023-11-03,29.53,29.61,29.0,29.38,29.21,0.16999999999999815,0.58,3518.11,11057.17
301300.SZ,2023-11-06,29.68,29.92,29.39,29.85,29.38,0.4700000000000024,1.6,4279.0,13598.83
301300.SZ,2023-11-07,30.08,30.08,29.21,29.76,29.85,-0.08999999999999986,-0.3,4704.0,14883.111
301300.SZ,2023-11-08,29.79,29.79,29.4,29.62,29.76,-0.14000000000000057,-0.47,4750.9,15007.94
301300.SZ,2023-11-09,29.75,31.38,29.43,29.71,29.62,0.08999999999999986,0.3,21239.22,68693.14
301300.SZ,2023-11-10,29.0,30.08,28.34,29.87,29.71,0.16000000000000014,0.54,15843.75,50154.947
301300.SZ,2023-11-13,29.9,30.2,29.64,30.18,29.87,0.3099999999999987,1.04,9810.83,31381.852
301300.SZ,2023-11-14,30.47,30.47,29.52,29.94,30.18,-0.23999999999999844,-0.8,8017.45,25607.051
301300.SZ,2023-11-15,30.27,30.27,29.76,30.05,29.94,0.10999999999999943,0.37,6044.84,19415.912
301300.SZ,2023-11-16,30.06,30.23,29.74,29.85,30.05,-0.1999999999999993,-0.67,5892.45,18888.652
301300.SZ,2023-11-17,29.86,30.38,29.57,30.35,29.85,0.5,1.68,7902.11,25426.55
301300.SZ,2023-11-20,30.74,30.75,29.94,30.63,30.35,0.2799999999999976,0.92,8310.12,26952.734
301300.SZ,2023-11-21,30.63,30.82,30.12,30.2,30.63,-0.4299999999999997,-1.4,5401.12,17562.18
301300.SZ,2023-11-22,30.22,30.68,29.86,30.18,30.2,-0.019999999999999574,-0.07,7309.07,23640.298
301300.SZ,2023-11-23,29.91,30.44,29.91,30.24,30.18,0.05999999999999872,0.2,6245.0,20150.191
301300.SZ,2023-11-24,30.23,30.36,29.6,29.69,30.24,-0.5499999999999972,-1.82,4630.0,14757.454
301300.SZ,2023-11-27,29.78,30.29,29.69,30.01,29.69,0.3200000000000003,1.08,5433.0,17438.093
301300.SZ,2023-11-28,30.01,30.57,29.93,30.39,30.01,0.379999999999999,1.27,6143.85,19958.566
301300.SZ,2023-11-29,30.39,30.64,30.24,30.34,30.39,-0.05000000000000071,-0.16,3930.0,12779.647
301300.SZ,2023-11-30,30.34,30.49,29.79,30.04,30.34,-0.3000000000000007,-0.99,3442.0,11056.384
301300.SZ,2023-12-01,30.04,30.46,29.61,29.83,30.04,-0.21000000000000085,-0.7,6001.95,19124.303
301300.SZ,2023-12-04,29.91,30.09,29.48,29.95,29.83,0.120000000000001,0.4,4658.33,14848.145
301300.SZ,2023-12-05,30.28,30.3,29.75,29.78,29.95,-0.16999999999999815,-0.57,8449.0,27103.087
301300.SZ,2023-12-06,29.8,31.04,29.77,30.59,29.78,0.8099999999999987,2.72,11581.0,37923.583
301300.SZ,2023-12-07,30.23,30.66,29.75,29.84,30.59,-0.75,-2.45,8635.4,27749.376
301300.SZ,2023-12-08,29.81,30.02,28.86,28.9,29.84,-0.9400000000000013,-3.15,8323.33,26067.941
301300.SZ,2023-12-11,28.96,29.43,28.6,29.0,28.9,0.10000000000000142,0.35,6663.15,20663.778
301300.SZ,2023-12-12,29.03,29.25,28.56,29.11,29.0,0.10999999999999943,0.38,5238.01,16191.863
301300.SZ,2023-12-13,29.18,29.45,28.72,28.9,29.11,-0.21000000000000085,-0.72,4563.84,14156.043
301300.SZ,2023-12-14,29.08,29.44,28.78,28.89,28.9,-0.00999999999999801,-0.03,4199.0,13034.868
301300.SZ,2023-12-15,28.88,29.1,28.78,29.03,28.89,0.14000000000000057,0.48,3481.11,10763.247
301300.SZ,2023-12-18,28.88,29.06,28.56,28.66,29.03,-0.370000000000001,-1.27,3519.0,10838.287
301300.SZ,2023-12-19,28.66,29.39,28.53,29.07,28.66,0.41000000000000014,1.43,4776.71,14759.028
301300.SZ,2023-12-20,28.9,30.05,28.9,29.61,29.07,0.5399999999999991,1.86,6532.84,20756.832
301300.SZ,2023-12-21,29.32,29.73,28.07,29.28,29.61,-0.3299999999999983,-1.11,8888.23,27419.259
301300.SZ,2023-12-22,29.33,29.63,28.73,28.75,29.28,-0.5300000000000011,-1.81,6697.97,20858.315
301300.SZ,2023-12-25,29.0,29.0,27.93,28.01,28.75,-0.7399999999999984,-2.57,7579.66,22835.25
301300.SZ,2023-12-26,27.97,28.06,27.45,27.55,28.01,-0.46000000000000085,-1.64,5941.0,17587.167
301300.SZ,2023-12-27,27.57,28.51,27.5,28.22,27.55,0.6699999999999982,2.43,7146.82,21412.91
301300.SZ,2023-12-28,28.43,29.25,27.95,29.1,28.22,0.8800000000000026,3.12,6604.99,20320.599
301300.SZ,2023-12-29,29.08,29.75,28.87,29.59,29.1,0.48999999999999844,1.68,6128.92,19202.05
301300.SZ,2024-01-02,29.58,30.11,29.47,30.02,29.59,0.4299999999999997,1.45,6811.29,21792.466
301300.SZ,2024-01-03,30.05,30.07,29.66,29.98,30.02,-0.03999999999999915,-0.13,5146.6,16418.446
301300.SZ,2024-01-04,30.02,30.39,29.64,29.89,29.98,-0.08999999999999986,-0.3,4033.0,12843.658
301300.SZ,2024-01-05,29.76,30.07,29.18,29.42,29.89,-0.46999999999999886,-1.57,4929.64,15606.136
301300.SZ,2024-01-08,29.31,29.73,28.89,28.93,29.42,-0.490000000000002,-1.67,4115.22,12844.014
301300.SZ,2024-01-09,29.46,29.68,28.83,29.14,28.93,0.21000000000000085,0.73,4102.0,12793.369
301300.SZ,2024-01-10,29.29,29.64,28.87,29.06,29.14,-0.08000000000000185,-0.27,5804.0,18134.712
301300.SZ,2024-01-11,29.04,29.24,28.78,29.18,29.06,0.120000000000001,0.41,4575.0,14194.544
301300.SZ,2024-01-12,29.29,29.7,28.9,29.06,29.18,-0.120000000000001,-0.41,4705.0,14719.383
301300.SZ,2024-01-15,28.77,29.63,28.57,28.69,29.06,-0.36999999999999744,-1.27,3533.11,10880.124
301300.SZ,2024-01-16,28.69,29.28,28.37,28.75,28.69,0.05999999999999872,0.21,5737.05,17649.118
301300.SZ,2024-01-17,28.62,29.18,28.19,28.19,28.75,-0.5599999999999987,-1.95,6066.0,18615.482
301300.SZ,2024-01-18,28.04,28.38,27.05,27.7,28.19,-0.490000000000002,-1.74,9422.0,27866.469
301300.SZ,2024-01-19,27.7,28.06,27.11,27.11,27.7,-0.5899999999999999,-2.13,5131.22,15058.069
301300.SZ,2024-01-22,27.02,27.32,24.97,25.16,27.11,-1.9499999999999993,-7.19,7513.0,20817.195
301300.SZ,2024-01-23,25.21,25.22,24.14,24.58,25.16,-0.5800000000000018,-2.31,7666.74,20102.686
301300.SZ,2024-01-24,24.95,25.48,24.09,25.04,24.58,0.46000000000000085,1.87,5934.18,15690.42
301300.SZ,2024-01-25,25.04,26.43,24.57,26.2,25.04,1.1600000000000001,4.63,6101.0,16685.411
301300.SZ,2024-01-26,26.29,26.93,26.1,26.29,26.2,0.08999999999999986,0.34,4972.0,14044.606
301300.SZ,2024-01-29,26.38,26.5,24.95,25.09,26.29,-1.1999999999999993,-4.56,4870.66,13243.268
301300.SZ,2024-01-30,25.02,25.03,23.96,24.0,25.09,-1.0899999999999999,-4.34,4249.0,11118.492
301300.SZ,2024-01-31,24.21,24.52,22.05,22.23,24.0,-1.7699999999999996,-7.37,7236.78,17595.714
301300.SZ,2024-02-01,22.23,22.78,21.51,22.15,22.23,-0.08000000000000185,-0.36,11425.6,27009.77
301300.SZ,2024-02-02,22.2,22.92,19.86,20.69,22.15,-1.4599999999999973,-6.59,7889.49,17892.282
301300.SZ,2024-02-05,19.64,20.44,16.65,17.06,20.69,-3.6300000000000026,-17.54,15720.0,30089.13
301300.SZ,2024-02-06,15.44,17.41,15.34,16.49,17.06,-0.5700000000000003,-3.34,12562.41,21779.789
301300.SZ,2024-02-07,16.49,16.62,14.42,14.59,16.49,-1.8999999999999986,-11.52,16295.67,26571.252
301300.SZ,2024-02-08,14.68,17.51,13.9,17.51,14.59,2.9200000000000017,20.01,14346.48,24214.302
301300.SZ,2024-02-19,17.45,18.64,17.45,18.05,17.51,0.5399999999999991,3.08,11132.73,21365.622
301300.SZ,2024-02-20,18.19,18.37,17.59,18.24,18.05,0.18999999999999773,1.05,7261.2,14023.248
301300.SZ,2024-02-21,17.94,19.45,17.92,19.04,18.24,0.8000000000000007,4.39,7911.79,15967.191
301300.SZ,2024-02-22,19.0,19.74,19.0,19.74,19.04,0.6999999999999993,3.68,6593.37,13697.6
301300.SZ,2024-02-23,19.78,20.87,19.66,20.77,19.74,1.0300000000000011,5.22,8796.94,18988.54
301300.SZ,2024-02-26,20.83,21.85,20.57,21.11,20.77,0.33999999999999986,1.64,9305.77,21101.404
301300.SZ,2024-02-27,21.11,21.88,20.92,21.86,21.11,0.75,3.55,6588.3,15124.802
301300.SZ,2024-02-28,21.87,22.55,19.25,19.27,21.86,-2.59,-11.85,13719.94,30470.598
301300.SZ,2024-02-29,19.19,20.67,19.18,20.67,19.27,1.4000000000000021,7.27,14299.54,30529.447
301300.SZ,2024-03-01,20.64,21.22,20.33,20.63,20.67,-0.0400000000000027,-0.19,11716.11,25840.142
301300.SZ,2024-03-04,20.7,20.83,19.95,20.35,20.63,-0.2799999999999976,-1.36,7750.53,16789.406
301300.SZ,2024-03-05,20.52,20.56,19.71,19.75,20.35,-0.6000000000000014,-2.95,7564.72,16237.082
301300.SZ,2024-03-06,19.64,20.41,19.64,20.24,19.75,0.48999999999999844,2.48,6503.46,13978.405
301300.SZ,2024-03-07,20.39,20.92,20.0,20.3,20.24,0.060000000000002274,0.3,7337.0,16032.309
301300.SZ,2024-03-08,20.76,20.76,20.16,20.4,20.3,0.09999999999999787,0.49,6503.0,14142.236
301300.SZ,2024-03-11,20.52,20.93,20.35,20.93,20.4,0.5300000000000011,2.6,6676.96,14742.075
301300.SZ,2024-03-12,20.93,21.47,20.93,21.47,20.93,0.5399999999999991,2.58,7028.11,15899.099
301300.SZ,2024-03-13,22.0,22.07,21.19,21.68,21.47,0.21000000000000085,0.98,9533.31,22075.495
301300.SZ,2024-03-14,21.62,21.88,20.88,21.25,21.68,-0.4299999999999997,-1.98,7171.78,16374.66
301300.SZ,2024-03-15,21.08,24.98,21.08,22.99,21.25,1.7399999999999984,8.19,24446.37,60160.708
301300.SZ,2024-03-18,22.85,23.55,22.32,23.54,22.99,0.5500000000000007,2.39,20782.97,50981.616
301300.SZ,2024-03-19,23.38,23.4,22.81,22.82,23.54,-0.7199999999999989,-3.06,11307.43,27832.39
301300.SZ,2024-03-20,22.92,23.85,22.63,23.83,22.82,1.009999999999998,4.43,16774.95,42107.687
301300.SZ,2024-03-21,23.67,23.71,22.81,23.22,23.83,-0.6099999999999994,-2.56,13760.24,34087.364
301300.SZ,2024-03-22,23.1,23.18,22.48,22.59,23.22,-0.629999999999999,-2.71,8477.66,20607.455
301300.SZ,2024-03-25,22.54,22.82,22.14,22.17,22.59,-0.41999999999999815,-1.86,6568.05,15807.593
301300.SZ,2024-03-26,22.09,22.45,21.74,22.26,22.17,0.08999999999999986,0.41,5606.38,13235.139
301300.SZ,2024-03-27,22.04,22.4,21.34,21.36,22.26,-0.9000000000000021,-4.04,4870.26,11372.609
301300.SZ,2024-03-28,21.37,22.23,21.37,21.96,21.36,0.6000000000000014,2.81,7893.46,18499.216
301300.SZ,2024-03-29,21.96,22.74,21.96,22.52,21.96,0.5599999999999987,2.55,5980.05,14354.164
301300.SZ,2024-04-01,22.93,23.15,22.56,22.96,22.52,0.4400000000000013,1.95,8056.15,19624.332
301300.SZ,2024-04-02,22.86,23.53,22.85,23.51,22.96,0.5500000000000007,2.4,9540.23,23777.376
301300.SZ,2024-04-03,23.39,23.57,23.02,23.25,23.51,-0.26000000000000156,-1.11,6261.5,15566.433
301300.SZ,2024-04-08,23.51,23.58,22.01,22.01,23.25,-1.2399999999999984,-5.33,7315.96,17591.799
301300.SZ,2024-04-09,21.98,23.19,21.98,23.08,22.01,1.0699999999999967,4.86,7780.79,18963.327
301300.SZ,2024-04-10,23.08,23.25,21.83,22.18,23.08,-0.8999999999999986,-3.9,8302.81,19796.797
301300.SZ,2024-04-11,21.96,22.78,21.62,22.18,22.18,0.0,0.0,4993.86,11935.359
301300.SZ,2024-04-12,22.27,22.56,22.03,22.2,22.18,0.019999999999999574,0.09,4810.97,11463.366
301300.SZ,2024-04-15,22.45,22.45,19.78,20.22,22.2,-1.9800000000000004,-8.92,12816.15,28577.413
301300.SZ,2024-04-16,19.93,19.94,17.58,17.87,20.22,-2.349999999999998,-11.62,10315.3,20156.091
301300.SZ,2024-04-17,18.15,20.2,18.15,20.01,17.87,2.1400000000000006,11.98,9989.4,20977.358
301300.SZ,2024-04-18,19.83,20.19,19.34,19.86,20.01,-0.15000000000000213,-0.75,5926.0,12553.809
301300.SZ,2024-04-19,19.83,20.14,19.33,19.88,19.86,0.019999999999999574,0.1,5148.0,10854.325
301300.SZ,2024-04-22,19.63,19.97,18.81,19.36,19.88,-0.5199999999999996,-2.62,5714.16,11767.715
301300.SZ,2024-04-23,19.39,20.19,18.97,19.91,19.36,0.5500000000000007,2.84,5769.4,12190.678
301300.SZ,2024-04-24,20.19,20.56,19.66,20.5,19.91,0.5899999999999999,2.96,5325.32,11555.358
301300.SZ,2024-04-25,20.36,21.26,20.36,21.14,20.5,0.6400000000000006,3.12,6965.27,15627.535
301300.SZ,2024-04-26,21.08,21.23,20.45,21.04,21.14,-0.10000000000000142,-0.47,7430.0,16646.575
301300.SZ,2024-04-29,21.04,21.86,20.98,21.86,21.04,0.8200000000000003,3.9,5993.0,13819.711
301300.SZ,2024-04-30,21.77,23.59,21.4,22.38,21.86,0.5199999999999996,2.38,13541.57,32885.428
301300.SZ,2024-05-06,22.53,23.26,21.98,23.1,22.38,0.7200000000000024,3.22,11484.57,27846.384
301300.SZ,2024-05-07,23.12,23.84,22.74,23.76,23.1,0.6600000000000001,2.86,12096.46,30335.897
301300.SZ,2024-05-08,23.68,23.68,22.74,23.07,23.76,-0.6900000000000013,-2.9,9997.99,24727.482
301300.SZ,2024-05-09,23.07,23.62,23.07,23.52,23.07,0.4499999999999993,1.95,8045.0,20199.657
301300.SZ,2024-05-10,23.52,23.85,22.94,23.18,23.52,-0.33999999999999986,-1.45,6616.29,16392.828
301300.SZ,2024-05-13,23.18,23.24,22.04,22.12,23.18,-1.0599999999999987,-4.57,6558.76,15627.429
301300.SZ,2024-05-14,22.31,22.7,22.09,22.29,22.12,0.16999999999999815,0.77,4851.95,11607.619
301300.SZ,2024-05-15,22.41,22.66,21.89,22.3,22.29,0.010000000000001563,0.04,5111.92,12213.555
301300.SZ,2024-05-16,22.43,22.82,22.3,22.62,22.3,0.3200000000000003,1.43,4460.02,10794.438
301300.SZ,2024-05-17,22.5,22.96,22.5,22.8,22.62,0.17999999999999972,0.8,7144.03,17340.93
301300.SZ,2024-05-20,22.83,23.17,22.82,22.92,22.8,0.120000000000001,0.53,5175.11,12702.344
301300.SZ,2024-05-21,22.87,23.31,22.55,22.94,22.92,0.019999999999999574,0.09,9522.84,23326.521
301300.SZ,2024-05-22,22.67,23.34,22.51,22.96,22.94,0.019999999999999574,0.09,9265.81,22594.225
301300.SZ,2024-05-23,22.55,22.78,22.17,22.44,22.96,-0.5199999999999996,-2.26,7098.58,17013.829
301300.SZ,2024-05-24,22.25,22.67,22.09,22.32,22.44,-0.120000000000001,-0.53,5023.0,12030.197
301300.SZ,2024-05-27,22.92,22.92,21.95,22.6,22.32,0.28000000000000114,1.25,5031.0,11999.852
301300.SZ,2024-05-28,22.74,22.74,22.09,22.11,22.6,-0.490000000000002,-2.17,4413.11,10518.227
301300.SZ,2024-05-29,21.95,22.88,21.95,22.61,22.11,0.5,2.26,6173.85,14887.34
301300.SZ,2024-05-30,22.45,24.58,22.4,22.96,22.61,0.3500000000000014,1.55,19541.94,48822.68
301300.SZ,2024-05-31,22.64,22.86,22.01,22.33,22.96,-0.6300000000000026,-2.74,14934.15,35561.505
301300.SZ,2024-06-03,22.09,22.22,21.11,21.32,22.33,-1.009999999999998,-4.52,12676.72,29223.846
301300.SZ,2024-06-04,21.06,21.33,20.33,21.06,21.32,-0.26000000000000156,-1.22,10232.75,22662.261
301300.SZ,2024-06-05,20.87,21.4,20.48,20.5,21.06,-0.5599999999999987,-2.66,6023.64,13113.773
301300.SZ,2024-06-06,20.55,20.7,18.77,19.06,20.5,-1.4400000000000013,-7.02,9787.98,20036.527
301300.SZ,2024-06-07,19.29,20.32,19.29,20.19,19.06,1.1300000000000026,5.93,9180.88,19291.36
301300.SZ,2024-06-11,20.2,20.38,19.32,20.32,20.19,0.129999999999999,0.64,5632.48,11811.993
301300.SZ,2024-06-12,20.51,20.9,20.09,20.76,20.32,0.4400000000000013,2.17,4460.89,9698.63
301300.SZ,2024-06-13,20.63,21.1,20.47,20.89,20.76,0.129999999999999,0.63,5968.43,13061.042
301300.SZ,2024-06-14,20.56,20.84,20.49,20.68,20.89,-0.21000000000000085,-1.01,5218.72,11334.903
301300.SZ,2024-06-17,20.86,20.86,20.19,20.37,20.68,-0.3099999999999987,-1.5,3688.5,7939.712
301300.SZ,2024-06-18,20.39,21.04,20.25,20.94,20.37,0.5700000000000003,2.8,6221.5,13612.381
301300.SZ,2024-06-19,20.95,21.65,20.91,21.35,20.94,0.41000000000000014,1.96,7032.19,15698.14
301300.SZ,2024-06-20,21.62,21.63,20.87,20.93,21.35,-0.4200000000000017,-1.97,6908.0,15368.581
301300.SZ,2024-06-21,20.77,20.98,20.35,20.63,20.93,-0.3000000000000007,-1.43,5061.0,10960.286
301300.SZ,2024-06-24,20.45,20.59,19.29,19.49,20.63,-1.1400000000000006,-5.53,6207.0,12854.599
301300.SZ,2024-06-25,19.24,20.33,19.24,19.98,19.49,0.490000000000002,2.51,5843.0,12205.904
301300.SZ,2024-06-26,19.92,21.02,19.59,21.01,19.97,1.0400000000000027,5.21,5412.79,11633.238
301300.SZ,2024-06-27,20.96,21.36,20.59,20.64,21.01,-0.370000000000001,-1.76,5052.0,11101.545
301300.SZ,2024-06-28,20.64,21.23,20.37,20.86,20.64,0.21999999999999886,1.07,4318.0,9499.956
301300.SZ,2024-07-01,20.86,21.08,20.61,21.04,20.86,0.17999999999999972,0.86,3844.0,8410.967
301300.SZ,2024-07-02,21.06,21.41,20.77,21.16,21.04,0.120000000000001,0.57,3970.83,8837.231
301300.SZ,2024-07-03,20.89,21.42,20.66,20.93,21.16,-0.23000000000000043,-1.09,4900.02,10828.16
301300.SZ,2024-07-04,21.19,21.19,19.79,19.87,20.93,-1.0599999999999987,-5.06,5873.0,12471.923
301300.SZ,2024-07-05,19.68,20.54,19.61,20.39,19.87,0.5199999999999996,2.62,4852.0,10247.81
301300.SZ,2024-07-08,20.19,24.46,19.99,24.46,20.39,4.07,19.96,31054.17,78583.363
301300.SZ,2024-07-09,26.37,29.36,26.21,29.36,24.46,4.899999999999999,20.03,59170.83,173814.211
301300.SZ,2024-07-10,31.71,35.03,29.79,31.17,29.36,1.8100000000000023,6.16,113915.14,392547.789
301300.SZ,2024-07-11,27.23,33.79,27.14,31.26,31.17,0.08999999999999986,0.29,104446.3,323460.123
301300.SZ,2024-07-12,29.73,30.27,26.83,26.83,31.26,-4.430000000000003,-14.17,82039.38,245766.311
301300.SZ,2024-07-15,26.06,26.17,24.56,24.67,26.83,-2.1599999999999966,-8.05,61529.86,162919.133
301300.SZ,2024-07-16,24.28,24.63,23.66,24.22,24.67,-0.45000000000000284,-1.82,45915.52,116132.789
301300.SZ,2024-07-17,23.89,24.22,23.08,23.18,24.22,-1.0399999999999991,-4.29,36230.22,89213.784
301300.SZ,2024-07-18,23.09,23.68,22.64,23.68,23.18,0.5,2.16,37976.02,92890.29
301300.SZ,2024-07-19,23.35,23.94,22.87,23.27,23.68,-0.41000000000000014,-1.73,35655.47,87590.433
301300.SZ,2024-07-22,23.23,23.57,22.83,23.54,23.27,0.2699999999999996,1.16,25956.16,63251.001
301300.SZ,2024-07-23,23.35,23.57,22.28,22.28,23.54,-1.259999999999998,-5.35,27311.88,65821.466
301300.SZ,2024-07-24,22.25,22.56,21.51,21.62,22.28,-0.6600000000000001,-2.96,26273.4,60619.737
301300.SZ,2024-07-25,21.56,22.11,21.23,21.81,21.62,0.18999999999999773,0.88,16715.95,38119.822
301300.SZ,2024-07-26,21.88,22.04,21.48,21.99,21.81,0.17999999999999972,0.83,13150.0,30202.326
301300.SZ,2024-07-29,21.8,21.91,21.47,21.78,21.99,-0.2099999999999973,-0.95,14971.07,34159.767
301300.SZ,2024-07-30,21.78,21.91,21.44,21.83,21.78,0.04999999999999716,0.23,12775.25,29185.176
301300.SZ,2024-07-31,21.7,22.33,21.53,22.24,21.83,0.41000000000000014,1.88,21843.21,50633.775
301300.SZ,2024-08-01,22.24,22.45,22.09,22.23,22.24,-0.00999999999999801,-0.04,16320.11,38131.025
301300.SZ,2024-08-02,21.99,22.18,21.52,21.62,22.23,-0.6099999999999994,-2.74,16319.0,37440.109
301300.SZ,2024-08-05,21.51,21.85,20.64,20.71,21.62,-0.9100000000000001,-4.21,18449.0,41016.938
301300.SZ,2024-08-06,21.01,21.26,20.85,21.13,20.71,0.41999999999999815,2.03,12635.78,27940.759
301300.SZ,2024-08-07,21.23,21.47,21.0,21.32,21.13,0.19000000000000128,0.9,10060.14,22523.3
301300.SZ,2024-08-08,21.3,21.31,20.75,21.26,21.32,-0.05999999999999872,-0.28,9647.4,21340.033
301300.SZ,2024-08-09,21.47,21.6,20.89,20.9,21.26,-0.360000000000003,-1.69,9595.0,21318.674
301300.SZ,2024-08-12,20.91,21.17,20.62,20.9,20.9,0.0,0.0,6498.21,14284.728
301300.SZ,2024-08-13,20.9,21.23,20.57,21.21,20.9,0.3100000000000023,1.48,8719.11,19249.646
301300.SZ,2024-08-14,21.18,21.42,20.97,21.13,21.21,-0.08000000000000185,-0.38,6813.84,15175.252
301300.SZ,2024-08-15,21.08,21.38,20.81,21.19,21.13,0.060000000000002274,0.28,8656.0,19252.789
301300.SZ,2024-08-16,21.39,21.39,20.92,21.11,21.19,-0.08000000000000185,-0.38,10603.0,23525.53
301300.SZ,2024-08-19,21.37,21.57,20.66,20.68,21.11,-0.4299999999999997,-2.04,14622.32,32178.845
301300.SZ,2024-08-20,20.74,21.04,20.25,20.37,20.68,-0.3099999999999987,-1.5,10128.0,21926.593
301300.SZ,2024-08-21,20.38,20.65,19.98,20.46,20.37,0.08999999999999986,0.44,7644.0,16439.072
301300.SZ,2024-08-22,20.45,20.54,19.91,19.96,20.46,-0.5,-2.44,7133.0,15133.884
301300.SZ,2024-08-23,19.96,19.97,19.37,19.6,19.96,-0.35999999999999943,-1.8,6961.0,14391.386
301300.SZ,2024-08-26,19.6,20.11,19.55,19.93,19.6,0.3299999999999983,1.68,9146.5,19136.867
301300.SZ,2024-08-27,19.93,21.24,19.66,20.52,19.93,0.5899999999999999,2.96,30166.01,64293.28
301300.SZ,2024-08-28,20.35,20.99,20.27,20.45,20.52,-0.07000000000000028,-0.34,25272.11,54771.696
301300.SZ,2024-08-29,20.35,20.89,20.27,20.7,20.45,0.25,1.22,19074.12,41333.808
301300.SZ,2024-08-30,20.55,21.19,20.52,20.79,20.7,0.08999999999999986,0.43,20873.84,45896.632
301300.SZ,2024-09-02,20.82,21.04,20.58,20.62,20.79,-0.16999999999999815,-0.82,12733.0,27844.522
301300.SZ,2024-09-03,20.58,20.98,20.55,20.93,20.62,0.3099999999999987,1.5,11940.0,26128.38
301300.SZ,2024-09-04,20.72,20.89,20.55,20.83,20.93,-0.10000000000000142,-0.48,9000.22,19637.43
301300.SZ,2024-09-05,20.85,20.98,20.66,20.96,20.83,0.13000000000000256,0.62,8543.11,18737.386
301300.SZ,2024-09-06,20.92,20.94,20.39,20.43,20.96,-0.5300000000000011,-2.53,8825.0,19182.207
301300.SZ,2024-09-09,20.42,20.76,20.23,20.35,20.43,-0.0799999999999983,-0.39,5964.0,12809.144
301300.SZ,2024-09-10,20.35,20.66,20.21,20.56,20.35,0.2099999999999973,1.03,7078.0,15158.608
301300.SZ,2024-09-11,20.42,20.72,20.29,20.46,20.56,-0.09999999999999787,-0.49,6670.88,14382.037
301300.SZ,2024-09-12,20.57,20.68,20.27,20.51,20.46,0.05000000000000071,0.24,7102.0,15263.955
301300.SZ,2024-09-13,20.93,20.93,19.6,20.22,20.51,-0.2900000000000027,-1.41,16555.11,35088.967
301300.SZ,2024-09-18,20.46,20.46,19.24,19.56,20.22,-0.6600000000000001,-3.26,11213.0,23083.508
301300.SZ,2024-09-19,19.85,20.21,19.32,20.06,19.56,0.5,2.56,11102.14,23273.583
301300.SZ,2024-09-20,20.33,20.35,19.83,20.07,20.06,0.010000000000001563,0.05,8856.74,18666.27
301300.SZ,2024-09-23,20.07,20.19,19.71,19.96,20.07,-0.10999999999999943,-0.55,6325.0,13275.569
301300.SZ,2024-09-24,20.18,20.53,19.92,20.53,19.96,0.5700000000000003,2.86,11458.0,24441.086
301300.SZ,2024-09-25,20.72,21.02,20.51,20.59,20.53,0.05999999999999872,0.29,16653.0,36379.486
301300.SZ,2024-09-26,20.57,21.23,20.47,21.23,20.59,0.6400000000000006,3.11,12339.0,27065.072
301300.SZ,2024-09-27,21.39,22.78,21.24,22.32,21.23,1.0899999999999999,5.13,25787.84,59516.36
301300.SZ,2024-09-30,22.97,25.85,22.5,25.22,22.32,2.8999999999999986,12.99,44604.86,113031.392
301300.SZ,2024-10-08,29.34,29.79,25.39,27.16,25.22,1.9400000000000013,7.69,52321.71,150251.773
301300.SZ,2024-10-09,25.93,26.42,23.43,23.47,27.16,-3.6900000000000013,-13.59,34073.0,89891.223
301300.SZ,2024-10-10,23.78,25.46,23.78,24.49,23.47,1.0199999999999996,4.35,25856.84,66862.987
301300.SZ,2024-10-11,24.56,27.43,23.91,26.27,24.49,1.7800000000000011,7.27,46221.95,124950.877
301300.SZ,2024-10-14,25.91,26.65,24.77,26.62,26.27,0.3500000000000014,1.33,42544.17,114262.977
301300.SZ,2024-10-15,25.75,25.99,25.01,25.09,26.62,-1.5300000000000011,-5.75,29768.11,80009.338
301300.SZ,2024-10-16,24.63,25.13,24.42,24.63,25.09,-0.46000000000000085,-1.83,15895.11,41257.074
301300.SZ,2024-10-17,24.63,25.03,24.38,24.64,24.63,0.010000000000001563,0.04,14822.05,38479.581
301300.SZ,2024-10-18,24.64,25.48,24.31,25.14,24.64,0.5,2.03,21099.35,54605.261
301300.SZ,2024-10-21,25.36,25.68,25.12,25.49,25.14,0.34999999999999787,1.39,22783.84,60209.858
301300.SZ,2024-10-22,25.45,25.8,25.29,25.78,25.49,0.2900000000000027,1.14,16488.0,43754.173
301300.SZ,2024-10-23,26.28,26.54,25.61,25.63,25.78,-0.15000000000000213,-0.58,20615.0,55524.984
301300.SZ,2024-10-24,25.4,25.91,25.35,25.79,25.63,0.16000000000000014,0.62,14203.0,37964.025
301300.SZ,2024-10-25,25.81,26.66,25.81,26.28,25.79,0.490000000000002,1.9,15703.33,42737.693
301300.SZ,2024-10-28,26.2,26.8,26.2,26.67,26.28,0.39000000000000057,1.48,14578.0,40293.986
301300.SZ,2024-10-29,26.67,26.84,25.77,25.85,26.67,-0.8200000000000003,-3.07,16355.0,44286.298
301300.SZ,2024-10-30,25.89,26.3,25.28,25.61,25.85,-0.240000000000002,-0.93,13424.0,35954.736
301300.SZ,2024-10-31,25.6,26.25,25.51,26.05,25.61,0.4400000000000013,1.72,11460.33,30946.056
301300.SZ,2024-11-01,26.03,26.55,24.86,24.91,26.05,-1.1400000000000006,-4.38,18334.01,48740.302
301300.SZ,2024-11-04,24.67,25.65,24.64,25.62,24.91,0.7100000000000009,2.85,10214.0,26907.395
301300.SZ,2024-11-05,25.83,26.25,25.41,26.12,25.62,0.5,1.95,13931.0,37479.586
301300.SZ,2024-11-06,26.08,26.42,25.89,25.99,26.12,-0.13000000000000256,-0.5,15386.96,41831.902
301300.SZ,2024-11-07,26.16,26.52,25.95,26.5,25.99,0.5100000000000016,1.96,14134.0,38660.821
301300.SZ,2024-11-08,26.86,26.86,26.23,26.42,26.5,-0.0799999999999983,-0.3,15111.43,41524.661
301300.SZ,2024-11-11,26.57,27.09,26.1,27.07,26.42,0.6499999999999986,2.46,14754.0,41004.01
301300.SZ,2024-11-12,27.2,27.7,26.78,27.16,27.07,0.08999999999999986,0.33,18211.87,51645.727
301300.SZ,2024-11-13,27.02,27.38,26.42,27.16,27.16,0.0,0.0,11947.57,33411.55
301300.SZ,2024-11-14,27.16,27.34,26.28,26.32,27.16,-0.8399999999999999,-3.09,11260.01,31155.326
301300.SZ,2024-11-15,26.35,26.76,25.89,25.98,26.32,-0.33999999999999986,-1.29,9405.18,25761.229
301300.SZ,2024-11-18,25.97,26.33,24.86,25.22,25.98,-0.7600000000000016,-2.93,12214.41,32195.76
301300.SZ,2024-11-19,25.1,25.99,25.04,25.99,25.22,0.7699999999999996,3.05,8255.0,21813.141
301300.SZ,2024-11-20,25.99,26.63,25.79,26.62,25.99,0.6300000000000026,2.42,9488.11,26019.373
301300.SZ,2024-11-21,26.62,26.98,26.4,26.77,26.62,0.14999999999999858,0.56,9264.0,25733.427
301300.SZ,2024-11-22,26.78,26.99,25.31,25.43,26.77,-1.3399999999999999,-5.01,10765.0,28925.952
301300.SZ,2024-11-25,25.53,26.37,25.5,26.17,25.43,0.740000000000002,2.91,9248.0,24630.82
301300.SZ,2024-11-26,26.17,26.42,25.58,25.7,26.17,-0.4700000000000024,-1.8,6024.84,16064.44
301300.SZ,2024-11-27,25.71,25.98,24.63,25.96,25.7,0.26000000000000156,1.01,9455.0,24600.85
301300.SZ,2024-11-28,26.11,28.51,25.79,28.01,25.96,2.0500000000000007,7.9,37334.84,104627.529
301300.SZ,2024-11-29,28.41,28.99,27.29,27.87,28.01,-0.14000000000000057,-0.5,27733.32,79371.817
301300.SZ,2024-12-02,27.88,33.44,27.43,33.44,27.87,5.569999999999997,19.99,57350.12,188872.542
301300.SZ,2024-12-03,34.81,35.97,30.91,30.91,33.44,-2.5299999999999976,-7.57,94780.47,325023.915
301300.SZ,2024-12-04,29.58,30.41,28.8,29.2,30.91,-1.7100000000000009,-5.53,52915.74,159867.186
301300.SZ,2024-12-05,28.97,29.32,28.61,29.09,29.2,-0.10999999999999943,-0.38,26007.82,77487.556
301300.SZ,2024-12-06,28.95,29.28,28.42,28.8,29.09,-0.28999999999999915,-1.0,24176.72,71680.164
301300.SZ,2024-12-09,29.1,29.78,28.73,29.56,28.8,0.759999999999998,2.64,26791.72,80340.017
301300.SZ,2024-12-10,30.16,30.62,28.97,29.13,29.56,-0.4299999999999997,-1.45,29061.26,88396.369
301300.SZ,2024-12-11,28.83,29.07,28.41,28.77,29.13,-0.35999999999999943,-1.24,26119.26,76986.604
301300.SZ,2024-12-12,28.77,28.97,28.61,28.94,28.77,0.1700000000000017,0.59,16631.49,49324.155
301300.SZ,2024-12-13,28.94,29.04,28.52,28.63,28.94,-0.3100000000000023,-1.07,14966.77,44203.398
301300.SZ,2024-12-16,28.86,29.04,28.5,28.73,28.63,0.10000000000000142,0.35,11960.35,35322.431
301300.SZ,2024-12-17,28.57,28.93,26.72,26.82,28.73,-1.9100000000000001,-6.65,20195.0,57009.888
301300.SZ,2024-12-18,26.88,27.34,26.07,26.98,26.82,0.16000000000000014,0.6,12896.0,35636.361
301300.SZ,2024-12-19,26.81,27.17,26.36,26.91,26.98,-0.07000000000000028,-0.26,10260.0,28225.549
301300.SZ,2024-12-20,26.94,28.06,26.91,27.64,26.91,0.7300000000000004,2.71,14404.0,40891.355
301300.SZ,2024-12-23,27.63,27.88,25.96,25.99,27.64,-1.6500000000000021,-5.97,15080.71,41359.772
301300.SZ,2024-12-24,26.29,26.7,25.6,26.38,25.99,0.39000000000000057,1.5,11966.18,32159.98
301300.SZ,2024-12-25,26.16,26.6,25.1,25.55,26.38,-0.8299999999999983,-3.15,11437.24,30061.61
301300.SZ,2024-12-26,25.67,26.23,25.56,25.91,25.55,0.35999999999999943,1.41,9911.0,26489.703
301300.SZ,2024-12-27,26.17,26.52,25.92,26.02,25.91,0.10999999999999943,0.42,9459.11,25504.545
301300.SZ,2024-12-30,25.8,25.91,25.02,25.54,26.02,-0.4800000000000004,-1.84,11170.0,29275.184
301300.SZ,2024-12-31,25.63,25.76,25.01,25.03,25.54,-0.509999999999998,-2.0,8390.72,21850.76
301300.SZ,2025-01-02,25.02,25.48,23.78,24.38,25.03,-0.6500000000000021,-2.6,10615.13,27095.701
301300.SZ,2025-01-03,24.38,24.59,22.96,22.99,24.38,-1.3900000000000006,-5.7,13582.0,33181.754
301300.SZ,2025-01-06,23.02,23.55,22.08,23.09,22.99,0.10000000000000142,0.43,10401.0,24545.231
301300.SZ,2025-01-07,23.04,24.04,23.04,23.98,23.09,0.8900000000000006,3.85,11765.0,28543.465
301300.SZ,2025-01-08,23.88,24.12,23.05,23.84,23.98,-0.14000000000000057,-0.58,9719.0,23708.226
301300.SZ,2025-01-09,23.83,24.12,23.54,23.85,23.84,0.010000000000001563,0.04,5931.0,14594.838
301300.SZ,2025-01-10,23.97,24.33,23.21,23.23,23.85,-0.620000000000001,-2.6,9666.0,23528.394
301300.SZ,2025-01-13,23.13,23.59,22.3,23.31,23.23,0.0799999999999983,0.34,8784.0,20716.262
301300.SZ,2025-01-14,23.36,24.47,23.36,24.47,23.31,1.1600000000000001,4.98,10541.0,26070.78
301300.SZ,2025-01-15,24.51,25.26,24.37,24.53,24.47,0.060000000000002274,0.25,10834.92,27389.509
301300.SZ,2025-01-16,24.99,25.08,24.31,24.47,24.53,-0.060000000000002274,-0.24,8547.0,21604.422
301300.SZ,2025-01-17,24.37,24.61,24.13,24.55,24.47,0.08000000000000185,0.33,5529.24,13896.771
301300.SZ,2025-01-20,24.51,25.34,24.51,25.3,24.55,0.75,3.05,9952.22,25671.355
301300.SZ,2025-01-21,26.08,26.22,25.35,25.72,25.3,0.41999999999999815,1.66,13647.12,36038.793
301300.SZ,2025-01-22,25.96,26.19,25.19,25.72,25.72,0.0,0.0,11296.0,29870.076
301300.SZ,2025-01-23,26.27,26.49,25.78,26.04,25.72,0.3200000000000003,1.24,11860.72,31922.515
301300.SZ,2025-01-24,25.86,26.29,25.76,26.21,26.04,0.1700000000000017,0.65,7979.0,21342.303
301300.SZ,2025-01-27,26.25,26.84,26.25,26.46,26.21,0.25,0.95,10948.0,29905.962
301300.SZ,2025-02-05,26.79,26.79,26.27,26.54,26.46,0.0799999999999983,0.3,8865.79,24100.061
301300.SZ,2025-02-06,26.71,26.73,26.38,26.72,26.54,0.17999999999999972,0.68,10157.0,27807.794
301300.SZ,2025-02-07,26.7,27.17,26.5,26.76,26.72,0.0400000000000027,0.15,11458.0,31740.138
301300.SZ,2025-02-10,26.73,26.99,26.59,26.99,26.76,0.22999999999999687,0.86,8167.0,22509.98
301300.SZ,2025-02-11,27.07,27.1,26.63,26.87,26.99,-0.11999999999999744,-0.44,6551.0,18042.7
301300.SZ,2025-02-12,26.88,27.16,26.71,26.86,26.87,-0.010000000000001563,-0.04,7684.0,21287.414
301300.SZ,2025-02-13,26.87,27.04,26.36,26.36,26.86,-0.5,-1.86,8901.28,24321.686
301300.SZ,2025-02-14,26.32,26.81,26.27,26.39,26.36,0.030000000000001137,0.11,7100.94,19324.324
301300.SZ,2025-02-17,26.27,26.99,26.27,26.8,26.39,0.41000000000000014,1.55,7632.0,20938.848
301300.SZ,2025-02-18,26.83,26.91,25.95,26.13,26.8,-0.6700000000000017,-2.5,7537.0,20455.635
301300.SZ,2025-02-19,25.99,27.94,25.99,27.18,26.13,1.0500000000000007,4.02,17751.29,49450.47
301300.SZ,2025-02-20,29.6,32.62,27.95,32.62,27.18,5.439999999999998,20.01,86870.89,278758.653
301300.SZ,2025-02-21,33.13,35.54,32.85,33.26,32.62,0.6400000000000006,1.96,125852.71,437795.303
301300.SZ,2025-02-24,31.0,32.23,30.16,31.48,33.26,-1.7799999999999976,-5.35,70941.96,226059.492
301300.SZ,2025-02-25,30.44,30.73,29.8,30.19,31.48,-1.2899999999999991,-4.1,50269.97,156178.677
301300.SZ,2025-02-26,29.9,30.89,29.9,30.37,30.19,0.17999999999999972,0.6,38428.67,120056.5
301300.SZ,2025-02-27,30.37,30.45,28.77,29.42,30.37,-0.9499999999999993,-3.13,42320.94,128420.041
301300.SZ,2025-02-28,29.42,29.48,28.41,28.44,29.42,-0.9800000000000004,-3.33,23211.88,68981.824
301300.SZ,2025-03-03,28.79,29.15,28.37,28.58,28.44,0.13999999999999702,0.49,19624.0,58128.47
301300.SZ,2025-03-04,28.34,29.1,28.29,29.06,28.58,0.4800000000000004,1.68,18254.73,54106.478
301300.SZ,2025-03-05,28.85,29.31,28.54,29.21,29.06,0.15000000000000213,0.52,19586.0,58401.15
301300.SZ,2025-03-06,29.37,29.61,29.1,29.55,29.21,0.33999999999999986,1.16,22961.98,69457.972
301300.SZ,2025-03-07,29.5,29.81,29.22,29.48,29.55,-0.07000000000000028,-0.24,19412.0,58945.39
301300.SZ,2025-03-10,29.69,29.79,29.14,29.39,29.48,-0.08999999999999986,-0.31,15804.12,47769.726
301300.SZ,2025-03-11,28.92,29.64,28.92,29.6,29.39,0.21000000000000085,0.71,14341.0,43206.588
301300.SZ,2025-03-12,29.56,29.8,29.4,29.55,29.6,-0.05000000000000071,-0.17,13866.54,42210.89
301300.SZ,2025-03-13,29.61,29.82,28.78,29.16,29.55,-0.39000000000000057,-1.32,19665.0,59117.489
301300.SZ,2025-03-14,29.24,29.46,28.71,29.42,29.16,0.26000000000000156,0.89,16962.0,50798.161
301300.SZ,2025-03-17,29.48,29.87,29.18,29.87,29.42,0.4499999999999993,1.53,17768.0,54130.072
301300.SZ,2025-03-18,29.96,31.33,29.74,31.15,29.87,1.2799999999999976,4.29,48744.04,153937.159
301300.SZ,2025-03-19,30.96,32.13,30.55,30.92,31.15,-0.22999999999999687,-0.74,40781.58,130926.819
301300.SZ,2025-03-20,31.02,31.48,30.65,31.05,30.92,0.129999999999999,0.42,26753.48,85525.004
301300.SZ,2025-03-21,31.28,31.28,29.38,30.14,31.05,-0.9100000000000001,-2.93,24619.56,76433.805
301300.SZ,2025-03-24,30.12,30.29,27.72,28.67,30.14,-1.4699999999999989,-4.88,25797.59,76898.919
301300.SZ,2025-03-25,28.7,28.97,27.87,28.74,28.67,0.06999999999999673,0.24,19044.0,55845.042
301300.SZ,2025-03-26,28.48,30.45,28.48,29.97,28.74,1.2300000000000004,4.28,24921.0,76386.753
301300.SZ,2025-03-27,30.21,31.42,30.08,30.35,29.97,0.38000000000000256,1.27,32135.0,101814.637
301300.SZ,2025-03-28,30.36,30.91,29.54,29.71,30.35,-0.6400000000000006,-2.11,25245.0,78256.261
301300.SZ,2025-03-31,29.23,29.59,28.56,29.39,29.71,-0.3200000000000003,-1.08,18451.0,55064.479
301300.SZ,2025-04-01,29.7,33.71,29.7,31.17,29.39,1.7800000000000011,6.06,39142.0,126018.06
301300.SZ,2025-04-02,31.01,32.53,30.66,32.33,31.17,1.1599999999999966,3.72,53455.76,173921.57
301300.SZ,2025-04-03,31.71,33.06,31.13,32.24,32.33,-0.0899999999999963,-0.28,51606.15,171085.929
301300.SZ,2025-04-07,29.67,30.2,26.07,26.87,32.24,-5.370000000000001,-16.66,41742.65,120511.309
301300.SZ,2025-04-08,27.15,28.59,26.07,27.22,26.87,0.34999999999999787,1.3,33120.0,92771.023
301300.SZ,2025-04-09,26.36,27.53,23.58,27.11,27.22,-0.10999999999999943,-0.4,30514.99,81443.392
301300.SZ,2025-04-10,27.72,29.14,27.19,27.9,27.11,0.7899999999999991,2.91,28243.99,82667.671
301300.SZ,2025-04-11,27.41,29.03,27.41,28.28,27.9,0.38000000000000256,1.36,24399.0,71098.702
301300.SZ,2025-04-14,28.44,29.3,28.41,28.82,28.28,0.5399999999999991,1.91,21074.0,62312.013
301300.SZ,2025-04-15,29.18,31.12,29.18,30.39,28.82,1.5700000000000003,5.45,40997.85,127755.959
301300.SZ,2025-04-16,29.84,30.91,29.26,29.65,30.39,-0.740000000000002,-2.44,36917.0,113950.268
301300.SZ,2025-04-17,29.48,31.13,29.26,30.84,29.65,1.1900000000000013,4.01,36945.0,116122.767
301300.SZ,2025-04-18,30.47,30.83,29.36,29.57,30.84,-1.2699999999999996,-4.12,26675.15,81851.7
301300.SZ,2025-04-21,29.39,30.16,29.39,29.9,29.57,0.3299999999999983,1.12,16359.15,50229.762
301300.SZ,2025-04-22,30.07,30.91,29.86,30.11,29.9,0.21000000000000085,0.7,19252.29,59892.309
301300.SZ,2025-04-23,30.62,30.84,30.12,30.78,30.11,0.6700000000000017,2.23,22303.0,69912.546
301300.SZ,2025-04-24,30.78,31.4,30.18,30.7,30.78,-0.08000000000000185,-0.26,23585.64,74596.507
301300.SZ,2025-04-25,30.69,30.81,29.74,30.42,30.7,-0.2799999999999976,-0.91,19372.64,60113.053
301300.SZ,2025-04-28,30.51,30.54,29.48,30.37,30.42,-0.05000000000000071,-0.16,14616.3,45305.536
301300.SZ,2025-04-29,31.01,32.69,30.62,32.39,30.37,2.0199999999999996,6.65,47498.0,155838.961
301300.SZ,2025-04-30,32.45,32.49,31.47,31.61,32.39,-0.7800000000000011,-2.41,31892.0,104118.726
301300.SZ,2025-05-06,32.49,33.31,32.06,33.06,31.61,1.4500000000000028,4.59,34970.16,117372.782
301300.SZ,2025-05-07,33.14,33.62,32.3,32.73,33.06,-0.3300000000000054,-1.0,29980.0,101598.615
301300.SZ,2025-05-08,32.94,33.71,32.52,33.23,32.73,0.5,1.53,28764.38,98362.209
301300.SZ,2025-05-09,33.41,33.56,32.35,32.39,33.23,-0.8399999999999963,-2.53,23181.0,77815.669
301300.SZ,2025-05-12,32.87,34.24,32.87,33.61,32.39,1.2199999999999989,3.77,28874.71,99706.655
301300.SZ,2025-05-13,33.92,34.04,33.09,33.5,33.61,-0.10999999999999943,-0.33,18369.71,63163.943
301300.SZ,2025-05-14,33.66,34.42,32.68,32.82,33.5,-0.6799999999999997,-2.03,20991.71,71749.23
301300.SZ,2025-05-15,32.88,33.86,32.54,33.53,32.82,0.7100000000000009,2.16,25489.16,87415.481
301300.SZ,2025-05-16,33.71,39.36,33.41,37.25,33.53,3.719999999999999,11.09,64983.83,242662.708
301300.SZ,2025-05-19,36.8,38.68,36.04,38.42,37.25,1.1700000000000017,3.14,64615.7,248778.792
301300.SZ,2025-05-20,37.58,45.67,37.57,41.83,38.42,3.4099999999999966,8.88,77856.35,331704.482
301300.SZ,2025-05-21,40.86,42.95,39.2,39.21,41.83,-2.6199999999999974,-6.26,63869.56,267666.341
301300.SZ,2025-05-22,38.96,39.24,36.88,37.26,39.21,-1.9500000000000028,-4.97,50578.84,196471.042
301300.SZ,2025-05-23,37.42,38.32,36.7,36.92,37.26,-0.3399999999999963,-0.91,41777.16,161448.19
301300.SZ,2025-05-26,34.87,36.23,34.87,36.08,36.92,-0.8400000000000034,-2.28,37915.16,138925.358
301300.SZ,2025-05-27,35.96,36.01,35.21,35.88,36.08,-0.19999999999999574,-0.55,24769.19,90871.285
301300.SZ,2025-05-28,35.89,36.49,34.53,35.04,35.88,-0.8400000000000034,-2.34,26272.3,94966.434
301300.SZ,2025-05-29,35.26,35.95,34.72,35.09,35.04,0.05000000000000426,0.14,26483.08,95201.463
301300.SZ,2025-05-30,35.09,35.71,33.73,33.91,35.09,-1.1800000000000068,-3.36,24617.0,85386.965
301300.SZ,2025-06-03,34.2,35.06,33.9,34.35,33.91,0.44000000000000483,1.3,20037.0,70436.85
301300.SZ,2025-06-04,34.36,34.67,34.11,34.35,34.35,0.0,0.0,15064.0,52616.73
301300.SZ,2025-06-05,34.59,34.59,33.56,34.19,34.35,-0.1600000000000037,-0.47,13913.0,48079.968
301300.SZ,2025-06-06,34.25,35.06,33.63,34.36,34.19,0.1700000000000017,0.5,16388.0,57155.265
301300.SZ,2025-06-09,34.38,36.42,34.38,35.59,34.36,1.230000000000004,3.58,36956.0,133301.53
301300.SZ,2025-06-10,35.73,35.93,34.5,35.04,35.59,-0.5500000000000043,-1.55,28782.0,103011.804
301300.SZ,2025-06-11,35.13,35.6,34.91,35.01,35.04,-0.030000000000001137,-0.09,18628.0,66754.519
301300.SZ,2025-06-12,34.82,35.35,34.66,35.24,35.01,0.23000000000000398,0.66,15614.0,55677.816
301300.SZ,2025-06-13,35.83,36.01,34.03,34.38,35.24,-0.8599999999999994,-2.44,26930.0,95568.818
301300.SZ,2025-06-16,34.0,35.38,33.98,34.77,34.38,0.39000000000000057,1.13,15323.0,54078.859
301300.SZ,2025-06-17,34.91,35.13,33.9,34.16,34.77,-0.6100000000000065,-1.75,13923.99,48565.253
301300.SZ,2025-06-18,34.16,34.77,33.54,33.66,34.16,-0.5,-1.46,13373.32,46036.939
301300.SZ,2025-06-19,33.66,33.85,32.75,32.89,33.66,-0.769999999999996,-2.29,13161.38,44481.464
301300.SZ,2025-06-20,33.14,33.73,32.85,32.9,32.89,0.00999999999999801,0.03,10278.6,34692.511
301300.SZ,2025-06-23,32.7,34.03,32.54,33.95,32.9,1.0500000000000043,3.19,13399.6,45805.331
301300.SZ,2025-06-24,34.11,34.86,33.73,34.86,33.95,0.9099999999999966,2.68,13069.83,45858.218
301300.SZ,2025-06-25,34.82,35.27,34.4,35.17,34.86,0.3100000000000023,0.89,15977.0,56692.151
301300.SZ,2025-06-26,35.19,35.26,34.69,34.74,35.17,-0.4299999999999997,-1.22,13563.0,48195.466
301300.SZ,2025-06-27,34.88,35.35,34.84,35.04,34.74,0.29999999999999716,0.86,11302.0,40269.829
301300.SZ,2025-06-30,35.16,35.31,34.81,35.13,35.04,0.09000000000000341,0.26,13580.0,48381.189
301300.SZ,2025-07-01,35.21,37.24,35.08,37.08,35.13,1.9499999999999957,5.55,38722.6,142255.711
301300.SZ,2025-07-02,37.37,41.9,36.79,38.85,37.08,1.7700000000000031,4.77,64601.13,254275.673
301300.SZ,2025-07-03,37.96,38.45,36.99,37.57,38.85,-1.2800000000000011,-3.29,38569.2,146783.547
301300.SZ,2025-07-04,37.19,37.65,36.05,36.13,37.57,-1.4399999999999977,-3.83,29383.32,109223.198
301300.SZ,2025-07-07,36.13,36.89,36.04,36.45,36.13,0.3200000000000003,0.89,19598.0,72516.859
301300.SZ,2025-07-08,36.26,37.52,36.17,36.96,36.45,0.509999999999998,1.4,24423.2,91450.742
301300.SZ,2025-07-09,36.73,36.96,36.05,36.22,36.96,-0.740000000000002,-2.0,21585.2,79915.977
301300.SZ,2025-07-10,36.4,40.17,36.4,38.55,36.22,2.3299999999999983,6.43,66988.76,262790.3
301300.SZ,2025-07-11,37.67,37.86,36.04,36.58,38.55,-1.9699999999999989,-5.11,49186.0,183453.75
301300.SZ,2025-07-14,36.29,38.0,35.99,37.2,36.58,0.6200000000000045,1.69,31319.09,118090.666
301300.SZ,2025-07-15,36.75,37.32,35.84,36.13,37.2,-1.0700000000000003,-2.88,27526.0,101951.095
301300.SZ,2025-07-16,36.28,36.61,36.09,36.29,36.13,0.1599999999999966,0.44,16454.0,60814.343
301300.SZ,2025-07-17,36.29,36.71,36.13,36.71,36.29,0.4200000000000017,1.16,13901.0,51600.736
301300.SZ,2025-07-18,36.71,38.34,36.71,38.07,36.71,1.3599999999999994,3.7,36257.02,138662.542
301300.SZ,2025-07-21,38.15,38.21,37.24,37.77,38.07,-0.29999999999999716,-0.79,28962.0,110592.736
301300.SZ,2025-07-22,37.76,40.42,37.27,40.42,37.77,2.6499999999999986,7.02,55377.7,219346.89
301300.SZ,2025-07-23,39.54,39.81,38.37,38.41,40.42,-2.010000000000005,-4.97,39639.52,157046.059
301300.SZ,2025-07-24,38.26,38.91,38.04,38.63,38.41,0.22000000000000597,0.57,22511.57,88113.668
301300.SZ,2025-07-25,38.63,38.67,38.03,38.24,38.63,-0.39000000000000057,-1.01,18822.61,73166.886
301300.SZ,2025-07-28,38.3,39.43,38.07,39.43,38.24,1.1899999999999977,3.11,28035.46,111137.947
301300.SZ,2025-07-29,39.43,40.15,38.66,39.61,39.43,0.17999999999999972,0.46,25766.0,102989.063
301300.SZ,2025-07-30,39.73,39.73,38.64,38.96,39.61,-0.6499999999999986,-1.64,20144.58,80130.295
301300.SZ,2025-07-31,38.85,39.14,37.76,37.94,38.96,-1.0200000000000031,-2.62,19605.49,76497.69
301300.SZ,2025-08-01,37.86,39.3,37.86,39.1,37.94,1.1600000000000037,3.06,22678.33,89469.637
301300.SZ,2025-08-04,38.99,39.91,38.26,39.89,39.1,0.7899999999999991,2.02,24726.5,99094.065
301300.SZ,2025-08-05,39.82,39.96,39.21,39.68,39.89,-0.21000000000000085,-0.53,19624.81,78945.483
301300.SZ,2025-08-06,40.22,40.77,39.57,40.48,39.68,0.7999999999999972,2.02,26447.21,108154.571
301300.SZ,2025-08-07,40.51,42.44,40.22,40.55,40.48,0.07000000000000028,0.17,41440.28,173623.363
301300.SZ,2025-08-08,40.35,42.1,40.35,42.1,40.55,1.5500000000000043,3.82,39436.32,166065.309
301300.SZ,2025-08-11,42.27,45.34,41.7,44.04,42.1,1.9399999999999977,4.61,48114.54,213374.699
301300.SZ,2025-08-12,43.42,43.42,41.8,42.56,44.04,-1.4799999999999969,-3.36,37930.18,163713.477
301300.SZ,2025-08-13,42.45,42.59,41.32,41.78,42.56,-0.7800000000000011,-1.83,30068.47,127499.157
301300.SZ,2025-08-14,41.78,42.04,40.32,40.43,41.78,-1.3500000000000014,-3.23,26066.18,108990.587
301300.SZ,2025-08-15,40.32,41.67,40.32,41.25,40.43,0.8200000000000003,2.03,18674.89,78093.349
301300.SZ,2025-08-18,41.61,41.7,41.02,41.49,41.25,0.240000000000002,0.58,20875.0,87688.996
301300.SZ,2025-08-19,41.66,42.25,40.83,42.15,41.49,0.6599999999999966,1.59,26259.4,111300.273
301300.SZ,2025-08-20,41.98,41.98,41.17,41.56,42.15,-0.5899999999999963,-1.4,14397.5,60582.863
301300.SZ,2025-08-21,41.6,42.18,41.37,41.75,41.56,0.18999999999999773,0.46,15642.99,66315.162
301300.SZ,2025-08-22,41.95,41.95,41.34,41.37,41.75,-0.38000000000000256,-0.91,13879.0,58486.969
301300.SZ,2025-08-25,41.38,41.55,40.53,41.17,41.37,-0.19999999999999574,-0.48,17906.0,74985.431
301300.SZ,2025-08-26,40.94,41.52,40.82,40.91,41.17,-0.2600000000000051,-0.63,12819.0,53693.006
301300.SZ,2025-08-27,40.83,41.29,38.7,38.7,40.91,-2.2099999999999937,-5.4,25841.34,105354.88
301300.SZ,2025-08-28,38.7,39.58,37.7,39.42,38.7,0.7199999999999989,1.86,18009.24,70935.425
301300.SZ,2025-08-29,40.03,40.39,39.31,39.95,39.42,0.5300000000000011,1.34,14813.61,60128.325
301300.SZ,2025-09-01,39.75,40.06,39.17,39.34,39.95,-0.6099999999999994,-1.53,13994.04,56318.823
301300.SZ,2025-09-02,39.14,39.31,37.67,38.55,39.34,-0.7900000000000063,-2.01,16799.15,65431.452
301300.SZ,2025-09-03,38.64,39.03,37.94,38.02,38.55,-0.529999999999994,-1.37,11542.92,44974.098
301300.SZ,2025-09-04,38.06,39.25,37.89,38.65,38.02,0.6299999999999955,1.66,13796.5,54437.887
301300.SZ,2025-09-05,38.65,39.96,38.24,39.73,38.65,1.0799999999999983,2.79,13952.91,56038.264
301300.SZ,2025-09-08,39.71,40.16,39.34,40.13,39.73,0.4000000000000057,1.01,11048.97,44755.431
301300.SZ,2025-09-09,40.13,40.8,39.44,39.85,40.13,-0.28000000000000114,-0.7,14360.0,58514.556
301300.SZ,2025-09-10,39.82,40.03,39.24,39.56,39.85,-0.28999999999999915,-0.73,7766.04,31221.058
301300.SZ,2025-09-11,39.77,40.09,39.07,40.0,39.56,0.4399999999999977,1.11,10144.69,40541.245
301300.SZ,2025-09-12,40.02,40.69,39.78,40.48,40.0,0.4799999999999969,1.2,12031.17,48913.276
301300.SZ,2025-09-15,40.2,40.69,39.99,40.05,40.48,-0.4299999999999997,-1.06,7444.97,30145.462
301300.SZ,2025-09-16,39.83,40.61,39.5,40.28,40.05,0.23000000000000398,0.57,12007.67,48587.404
301300.SZ,2025-09-17,40.28,42.22,40.08,41.66,40.28,1.3799999999999955,3.43,27024.21,113298.969
301300.SZ,2025-09-18,41.27,41.65,39.44,39.83,41.66,-1.8299999999999983,-4.39,26805.21,109133.352
301300.SZ,2025-09-19,39.76,39.91,38.61,39.1,39.83,-0.7299999999999969,-1.83,12211.15,48198.774
301300.SZ,2025-09-22,39.1,39.6,38.86,39.29,39.1,0.18999999999999773,0.49,8008.0,31615.637
301300.SZ,2025-09-23,39.01,39.47,36.76,38.01,39.29,-1.2800000000000011,-3.26,18398.04,69777.209
301300.SZ,2025-09-24,37.86,38.73,37.64,38.43,38.01,0.4200000000000017,1.1,8577.97,33144.546
301300.SZ,2025-09-25,38.64,39.12,37.79,37.83,38.43,-0.6000000000000014,-1.56,9644.0,37257.73
301300.SZ,2025-09-26,37.62,38.57,37.24,37.88,37.83,0.05000000000000426,0.13,7826.68,29893.755
301300.SZ,2025-09-29,38.12,39.04,37.91,38.62,37.88,0.7399999999999949,1.95,9818.95,38108.017
301300.SZ,2025-09-30,38.62,39.21,38.62,38.83,38.62,0.21000000000000085,0.54,5362.0,21000.352
301300.SZ,2025-10-09,39.21,39.51,38.23,39.24,38.83,0.4100000000000037,1.06,11703.0,45904.693
301300.SZ,2025-10-10,39.15,39.66,38.83,39.42,39.24,0.17999999999999972,0.46,9132.03,36153.185
301300.SZ,2025-10-13,38.35,39.39,37.31,39.23,39.42,-0.19000000000000483,-0.48,10885.15,42435.545
301300.SZ,2025-10-14,39.43,39.65,38.23,38.58,39.23,-0.6499999999999986,-1.66,8000.0,31319.894
301300.SZ,2025-10-15,38.42,39.06,38.18,38.6,38.58,0.020000000000003126,0.05,8457.15,32846.909
301300.SZ,2025-10-16,38.71,38.72,37.59,37.74,38.6,-0.8599999999999994,-2.23,8566.31,32871.206
301300.SZ,2025-10-17,37.51,37.92,36.81,36.81,37.74,-0.9299999999999997,-2.46,9559.02,35876.515
301300.SZ,2025-10-20,37.17,39.14,37.15,39.03,36.81,2.219999999999999,6.03,18447.97,71709.5
301300.SZ,2025-10-21,39.02,39.2,38.28,38.91,39.03,-0.12000000000000455,-0.31,10965.48,42738.759
301300.SZ,2025-10-22,38.99,39.01,38.54,38.86,38.91,-0.04999999999999716,-0.13,6423.0,25063.758
301300.SZ,2025-10-23,38.93,39.26,38.06,39.18,38.86,0.3200000000000003,0.82,8634.05,33609.76
301300.SZ,2025-10-24,39.21,39.68,38.79,39.53,39.18,0.3500000000000014,0.89,9441.0,37439.194
301300.SZ,2025-10-27,39.67,40.4,39.34,40.25,39.53,0.7199999999999989,1.82,12744.0,51187.871
301300.SZ,2025-10-28,40.16,41.09,39.9,40.5,40.25,0.25,0.62,10725.0,43848.346
301300.SZ,2025-10-29,40.18,40.59,39.64,40.08,40.5,-0.4200000000000017,-1.04,11251.93,45336.482
301300.SZ,2025-10-30,40.56,41.25,40.3,40.4,40.08,0.3200000000000003,0.8,14977.5,61491.543
301300.SZ,2025-10-31,40.18,42.77,40.07,42.3,40.4,1.8999999999999986,4.7,26377.85,110624.791
301300.SZ,2025-11-03,41.09,41.94,40.75,41.25,42.3,-1.0499999999999972,-2.48,26437.0,109751.382
301300.SZ,2025-11-04,41.31,41.7,40.12,40.45,41.25,-0.7999999999999972,-1.94,14005.0,57271.548
301300.SZ,2025-11-05,40.37,41.18,40.1,40.89,40.45,0.4399999999999977,1.09,11422.0,46874.821
301300.SZ,2025-11-06,40.91,41.56,40.56,41.49,40.89,0.6000000000000014,1.47,12007.0,49799.871
301300.SZ,2025-11-07,41.39,44.32,41.36,43.07,41.49,1.5799999999999983,3.81,42229.0,182553.447
301300.SZ,2025-11-10,43.0,43.2,42.03,42.43,43.07,-0.6400000000000006,-1.49,24514.92,104277.15
301300.SZ,2025-11-11,42.44,43.18,42.1,42.7,42.43,0.2700000000000031,0.64,15799.0,67439.783
301300.SZ,2025-11-12,42.75,42.95,41.71,42.16,42.7,-0.5400000000000063,-1.26,15433.25,65089.561
301300.SZ,2025-11-13,42.3,44.15,42.06,43.8,42.16,1.6400000000000006,3.89,33172.0,144699.968
301300.SZ,2025-11-14,43.78,46.28,43.21,44.81,43.8,1.0100000000000051,2.31,44100.02,198862.051
301300.SZ,2025-11-17,44.81,47.58,43.85,47.1,44.81,2.289999999999999,5.11,58192.17,266986.23
301300.SZ,2025-11-18,46.3,46.3,43.23,43.39,47.1,-3.710000000000001,-7.88,46403.56,205222.202
301300.SZ,2025-11-19,43.82,52.07,42.1,48.37,43.39,4.979999999999997,11.48,76439.67,352733.234
301300.SZ,2025-11-20,48.1,54.66,47.06,51.25,48.37,2.8800000000000026,5.95,86667.02,438481.152
301300.SZ,2025-11-21,48.17,48.91,45.01,45.4,51.25,-5.850000000000001,-11.41,65009.26,302636.95
301300.SZ,2025-11-24,45.85,46.7,43.51,44.61,45.4,-0.7899999999999991,-1.74,43162.74,191971.502
301300.SZ,2025-11-25,44.61,45.27,43.89,44.4,44.61,-0.21000000000000085,-0.47,49716.13,221150.467
301300.SZ,2025-11-26,44.21,44.55,42.45,42.52,44.4,-1.8799999999999955,-4.23,45762.81,197262.391
301300.SZ,2025-11-27,43.68,47.43,42.86,47.21,42.52,4.689999999999998,11.03,68095.64,307481.675
301300.SZ,2025-11-28,45.99,46.9,44.86,45.24,47.21,-1.9699999999999989,-4.17,48190.6,219794.619
301300.SZ,2025-12-01,45.29,46.04,44.61,45.24,45.24,0.0,0.0,29852.52,134801.961
301300.SZ,2025-12-02,44.8,46.28,44.35,45.76,45.24,0.519999999999996,1.15,33353.55,151863.74
301300.SZ,2025-12-03,45.35,48.85,44.88,48.71,45.76,2.950000000000003,6.45,61251.35,289937.866
301300.SZ,2025-12-04,47.5,48.4,46.57,46.62,48.71,-2.0900000000000034,-4.29,39277.69,185398.32
301300.SZ,2025-12-05,47.35,49.6,47.0,48.6,46.62,1.980000000000004,4.25,54102.67,263613.409
301300.SZ,2025-12-08,48.2,50.75,47.81,49.6,48.6,1.0,2.06,51564.78,254015.107
301300.SZ,2025-12-09,49.06,50.65,47.54,50.29,49.6,0.6899999999999977,1.39,45862.78,223307.361
301300.SZ,2025-12-10,49.65,49.7,47.85,48.46,50.29,-1.8299999999999983,-3.64,29293.15,142164.639
301300.SZ,2025-12-11,48.02,48.37,45.58,45.68,48.46,-2.780000000000001,-5.74,28476.75,132925.118
301300.SZ,2025-12-12,45.69,47.27,44.65,44.71,45.68,-0.9699999999999989,-2.12,24133.45,111252.65
301300.SZ,2025-12-15,44.71,45.67,44.51,45.01,44.71,0.29999999999999716,0.67,15647.62,70611.556
301300.SZ,2025-12-16,44.81,44.89,42.8,43.1,45.01,-1.9099999999999966,-4.24,19422.87,84140.357
301300.SZ,2025-12-17,42.99,43.43,42.0,43.17,43.1,0.07000000000000028,0.16,15529.0,66179.105
301300.SZ,2025-12-18,42.89,44.05,42.7,43.08,43.17,-0.09000000000000341,-0.21,13662.0,59436.717
301300.SZ,2025-12-19,43.09,44.18,42.88,43.89,43.08,0.8100000000000023,1.88,14956.6,65252.403
301300.SZ,2025-12-22,44.1,44.27,43.08,43.25,43.89,-0.6400000000000006,-1.46,15301.51,66518.021
301300.SZ,2025-12-23,43.36,43.68,42.62,43.41,43.25,0.1599999999999966,0.37,14797.0,63860.065
301300.SZ,2025-12-24,43.29,43.4,41.67,42.82,43.41,-0.5899999999999963,-1.36,18478.73,78398.585
301300.SZ,2025-12-25,42.83,43.35,42.53,43.33,42.82,0.509999999999998,1.19,14507.94,62237.094
301300.SZ,2025-12-26,43.59,45.14,43.4,43.87,43.33,0.5399999999999991,1.25,21554.12,95108.398
301300.SZ,2025-12-29,43.75,43.89,42.89,43.4,43.87,-0.46999999999999886,-1.07,12520.46,54289.232
301300.SZ,2025-12-30,43.46,43.48,42.53,42.86,43.4,-0.5399999999999991,-1.24,11968.24,51407.488
301300.SZ,2025-12-31,42.88,43.15,42.12,42.4,42.86,-0.46000000000000085,-1.07,10338.67,43961.549
301300.SZ,2026-01-05,42.8,43.97,42.7,43.63,42.4,1.230000000000004,2.9,15545.58,67690.809
301300.SZ,2026-01-06,43.89,44.39,43.42,43.69,43.63,0.05999999999999517,0.14,15311.66,67064.929
301300.SZ,2026-01-07,43.77,44.29,43.44,44.01,43.69,0.3200000000000003,0.73,14488.73,63665.696
301300.SZ,2026-01-08,43.98,44.55,43.62,44.44,44.01,0.4299999999999997,0.98,13589.0,60055.453
301300.SZ,2026-01-09,44.51,44.77,43.7,44.55,44.44,0.10999999999999943,0.25,18261.01,81026.296
301300.SZ,2026-01-12,44.88,44.88,44.0,44.77,44.55,0.22000000000000597,0.49,17423.17,77705.401
301300.SZ,2026-01-13,44.63,45.47,44.07,44.52,44.77,-0.25,-0.56,15862.06,71086.097
301300.SZ,2026-01-14,44.66,45.5,43.59,44.25,44.52,-0.2700000000000031,-0.61,20612.66,92064.008
301300.SZ,2026-01-15,43.7,44.69,43.7,44.42,44.25,0.1700000000000017,0.38,9697.0,42991.42
301300.SZ,2026-01-16,44.5,45.74,44.33,45.49,44.42,1.0700000000000003,2.41,20249.0,91590.617
301300.SZ,2026-01-19,45.11,46.39,44.98,46.12,45.49,0.6299999999999955,1.38,16353.0,74942.511
301300.SZ,2026-01-20,46.87,48.18,46.12,46.53,46.12,0.4100000000000037,0.89,31724.99,149372.949
301300.SZ,2026-01-21,46.5,47.15,45.99,47.06,46.53,0.5300000000000011,1.14,19188.0,89291.433
301300.SZ,2026-01-22,47.01,47.33,46.63,46.87,47.06,-0.19000000000000483,-0.4,14364.51,67437.784
301300.SZ,2026-01-23,46.98,47.28,46.37,47.13,46.87,0.2600000000000051,0.55,14418.28,67463.184
301300.SZ,2026-01-26,47.49,47.49,45.96,46.44,47.13,-0.6900000000000048,-1.46,14860.0,69065.487
301300.SZ,2026-01-27,46.75,46.91,44.11,45.91,46.44,-0.5300000000000011,-1.14,14923.0,67618.313
301300.SZ,2026-01-28,45.85,46.38,45.25,45.51,45.91,-0.3999999999999986,-0.87,13387.71,61230.024
301300.SZ,2026-01-29,45.57,46.78,44.74,45.25,45.51,-0.259999999999998,-0.57,13890.79,63711.997
301300.SZ,2026-01-30,45.38,46.08,44.44,45.9,45.25,0.6499999999999986,1.44,14110.42,64183.549
301300.SZ,2026-02-02,45.56,46.08,44.21,44.37,45.9,-1.5300000000000011,-3.33,13277.09,60077.298
301300.SZ,2026-02-03,44.63,45.65,44.55,45.65,44.37,1.2800000000000011,2.88,10250.0,46325.436
301300.SZ,2026-02-04,45.43,46.2,45.26,45.62,45.65,-0.030000000000001137,-0.07,9987.85,45653.131
301300.SZ,2026-02-05,45.55,46.27,45.35,45.6,45.62,-0.01999999999999602,-0.04,10244.06,46979.008
301300.SZ,2026-02-06,45.4,46.45,45.09,45.66,45.6,0.05999999999999517,0.13,11998.5,55083.387
301300.SZ,2026-02-09,46.25,47.36,45.4,47.31,45.66,1.6500000000000057,3.61,18242.0,85514.48
301300.SZ,2026-02-10,47.23,47.44,46.49,46.53,47.31,-0.7800000000000011,-1.65,11523.99,53961.35
301300.SZ,2026-02-11,46.76,47.66,46.53,47.02,46.53,0.490000000000002,1.05,16449.05,77659.646
301300.SZ,2026-02-12,46.82,46.91,45.73,46.0,47.02,-1.0200000000000031,-2.17,13251.67,61273.172
301300.SZ,2026-02-13,46.0,46.95,45.88,46.0,46.0,0.0,0.0,14613.0,67797.673
301300.SZ,2026-02-24,46.19,47.68,46.19,47.39,46.0,1.3900000000000006,3.02,16687.41,78836.751
301300.SZ,2026-02-25,47.4,48.78,47.39,48.41,47.39,1.019999999999996,2.15,19303.3,93127.886
301300.SZ,2026-02-26,48.41,48.76,47.64,48.4,48.41,-0.00999999999999801,-0.02,18552.46,89481.686
301300.SZ,2026-02-27,48.24,49.74,47.76,49.5,48.4,1.1000000000000014,2.27,20759.99,101427.202
301300.SZ,2026-03-02,48.8,49.1,47.5,47.52,49.5,-1.9799999999999969,-4.0,26896.54,129500.745
301300.SZ,2026-03-03,47.77,48.22,45.52,45.61,47.52,-1.9100000000000037,-4.02,18337.01,85268.302
301300.SZ,2026-03-04,45.05,46.19,44.71,45.04,45.61,-0.5700000000000003,-1.25,13043.0,59283.638
301300.SZ,2026-03-05,45.94,46.29,45.44,45.92,45.04,0.8800000000000026,1.95,10601.26,48597.931
301300.SZ,2026-03-06,45.89,47.74,45.53,47.43,45.92,1.509999999999998,3.29,14889.0,69908.528
