ts_code,date,open,high,low,close,pre_close,change,pct_chg,vol,amount
300753.SZ,2018-12-13,12.9,14.07,12.9,14.07,9.77,4.300000000000001,44.01,157.04,357.077
300753.SZ,2018-12-14,15.48,15.48,15.48,15.48,14.07,1.4100000000000001,10.02,108.91,272.601
300753.SZ,2018-12-17,17.02,17.02,17.02,17.02,15.48,1.5399999999999991,9.95,150.41,414.078
300753.SZ,2018-12-18,18.72,18.72,18.72,18.72,17.02,1.6999999999999993,9.99,245.06,742.041
300753.SZ,2018-12-19,20.6,20.6,20.6,20.6,18.72,1.8800000000000026,10.04,344.92,1148.928
300753.SZ,2018-12-20,22.66,22.66,22.66,22.66,20.6,2.0599999999999987,10.0,1006.68,3688.475
300753.SZ,2018-12-21,24.92,24.92,24.92,24.92,22.66,2.2600000000000016,9.97,21104.01,85049.16
300753.SZ,2018-12-24,25.96,27.2,25.9,26.43,24.92,1.509999999999998,6.06,136274.32,582259.877
300753.SZ,2018-12-25,25.35,26.19,24.79,26.04,26.43,-0.39000000000000057,-1.48,101225.13,417365.203
300753.SZ,2018-12-26,25.85,26.45,25.49,26.19,26.04,0.15000000000000213,0.58,97843.71,411466.416
300753.SZ,2018-12-27,26.59,26.71,24.84,24.91,26.19,-1.2800000000000011,-4.89,86834.48,361425.604
300753.SZ,2018-12-28,25.2,25.47,24.26,24.81,24.91,-0.10000000000000142,-0.4,66276.64,266313.356
300753.SZ,2019-01-02,25.14,25.63,24.61,25.57,24.81,0.7600000000000016,3.06,70884.92,288416.649
300753.SZ,2019-01-03,24.73,25.01,23.01,23.01,25.57,-2.5599999999999987,-10.01,73847.18,284979.787
300753.SZ,2019-01-04,22.07,23.06,21.89,22.78,23.01,-0.23000000000000043,-1.0,60006.43,218981.601
300753.SZ,2019-01-07,22.91,23.4,22.71,23.01,22.78,0.23000000000000043,1.01,50167.6,186805.098
300753.SZ,2019-01-08,22.75,24.49,22.61,23.4,23.01,0.389999999999997,1.69,65092.41,246757.745
300753.SZ,2019-01-09,23.44,24.97,23.32,24.16,23.4,0.7600000000000016,3.25,78309.86,303503.732
300753.SZ,2019-01-10,23.87,26.58,23.53,26.58,24.16,2.419999999999998,10.02,101197.78,406938.614
300753.SZ,2019-01-11,26.7,29.23,26.58,29.23,26.58,2.650000000000002,9.97,121668.97,555702.1
300753.SZ,2019-01-14,30.59,32.16,26.31,26.31,29.23,-2.9200000000000017,-9.99,122910.02,572612.071
300753.SZ,2019-01-15,24.19,25.72,23.79,24.84,26.31,-1.4699999999999989,-5.59,91705.62,364250.894
300753.SZ,2019-01-16,24.97,26.34,24.97,25.66,24.84,0.8200000000000003,3.3,79764.3,332215.525
300753.SZ,2019-01-17,25.52,26.27,25.36,26.02,25.66,0.35999999999999943,1.4,57009.1,238943.246
300753.SZ,2019-01-18,26.17,28.2,26.17,27.45,26.02,1.4299999999999997,5.5,73697.4,324402.134
300753.SZ,2019-01-21,27.21,28.0,26.51,27.58,27.45,0.129999999999999,0.47,54063.23,238364.44
300753.SZ,2019-01-22,27.4,29.31,27.27,28.57,27.58,0.990000000000002,3.59,68038.92,311996.084
300753.SZ,2019-01-23,28.16,28.65,25.97,28.12,28.57,-0.4499999999999993,-1.58,62277.52,277619.096
300753.SZ,2019-01-24,27.89,28.75,27.09,28.47,28.12,0.34999999999999787,1.24,63633.16,288878.75
300753.SZ,2019-01-25,27.76,28.2,25.62,25.94,28.47,-2.5299999999999976,-8.89,59235.49,257904.629
300753.SZ,2019-01-28,26.37,27.74,25.43,27.74,25.94,1.7999999999999972,6.94,49967.87,215300.821
300753.SZ,2019-01-29,27.17,29.15,25.28,28.38,27.74,0.6400000000000006,2.31,67304.37,300725.111
300753.SZ,2019-01-30,27.82,30.3,27.76,28.92,28.38,0.5400000000000027,1.9,76986.21,363013.011
300753.SZ,2019-01-31,26.36,28.91,26.28,28.41,28.92,-0.5100000000000016,-1.76,63504.32,282755.719
300753.SZ,2019-02-01,28.32,30.61,28.2,29.92,28.41,1.5100000000000016,5.32,70716.66,339445.296
300753.SZ,2019-02-11,28.44,30.85,27.7,30.85,29.92,0.9299999999999997,3.11,76522.04,362541.906
300753.SZ,2019-02-12,30.36,31.63,29.07,29.78,30.85,-1.0700000000000003,-3.47,78941.49,386097.039
300753.SZ,2019-02-13,29.22,29.99,28.81,29.45,29.78,-0.33000000000000185,-1.11,56623.78,269832.361
300753.SZ,2019-02-14,28.88,29.56,28.65,28.73,29.45,-0.7199999999999989,-2.44,53059.41,248734.56
300753.SZ,2019-02-15,28.54,29.04,28.43,28.7,28.73,-0.030000000000001137,-0.1,38103.26,177183.856
300753.SZ,2019-02-18,28.75,29.46,28.18,29.46,28.7,0.7600000000000016,2.65,51432.13,240470.45
300753.SZ,2019-02-19,29.43,30.38,29.06,29.54,29.46,0.0799999999999983,0.27,56207.04,270389.562
300753.SZ,2019-02-20,29.52,29.52,26.9,27.39,29.54,-2.1499999999999986,-7.28,70888.61,321131.963
300753.SZ,2019-02-21,26.95,27.32,26.49,26.71,27.39,-0.6799999999999997,-2.48,46007.52,199705.263
300753.SZ,2019-02-22,26.28,27.0,26.25,26.68,26.71,-0.030000000000001137,-0.11,30817.17,132964.192
300753.SZ,2019-02-25,26.72,27.81,26.72,27.78,26.68,1.1000000000000014,4.12,45657.17,202140.751
300753.SZ,2019-02-26,27.82,29.47,27.21,28.3,27.78,0.5199999999999996,1.87,65089.41,297907.712
300753.SZ,2019-02-27,27.97,28.3,26.94,27.27,28.3,-1.0300000000000011,-3.64,45208.62,201454.515
300753.SZ,2019-02-28,27.0,27.94,27.0,27.44,27.27,0.1700000000000017,0.62,33169.02,147586.159
300753.SZ,2019-03-01,27.67,27.69,26.59,26.98,27.44,-0.46000000000000085,-1.68,33640.83,147084.393
300753.SZ,2019-03-04,26.97,27.94,26.85,27.3,26.98,0.3200000000000003,1.19,40947.79,180882.012
300753.SZ,2019-03-05,27.17,27.55,26.91,27.36,27.3,0.05999999999999872,0.22,30884.6,135981.214
300753.SZ,2019-03-06,27.52,29.04,27.24,28.93,27.36,1.5700000000000003,5.74,67240.65,307632.694
300753.SZ,2019-03-07,28.74,31.22,27.93,30.06,28.93,1.129999999999999,3.91,85415.61,408038.738
300753.SZ,2019-03-08,28.75,29.24,27.05,27.05,30.06,-3.009999999999998,-10.01,58538.36,268713.886
300753.SZ,2019-03-11,27.0,27.68,26.8,27.55,27.05,0.5,1.85,30683.75,135250.302
300753.SZ,2019-03-12,27.63,28.31,27.37,27.81,27.55,0.259999999999998,0.94,33647.09,151646.232
300753.SZ,2019-03-13,27.89,28.62,27.51,28.07,27.81,0.26000000000000156,0.93,45879.87,208801.76
300753.SZ,2019-03-14,27.7,27.89,25.26,25.54,28.07,-2.530000000000001,-9.01,43735.73,186215.023
300753.SZ,2019-03-15,25.34,26.27,25.19,25.78,25.54,0.240000000000002,0.94,25054.82,104209.751
300753.SZ,2019-03-18,25.48,26.54,25.48,26.48,25.78,0.6999999999999993,2.72,23818.18,100600.349
300753.SZ,2019-03-19,26.48,26.7,26.11,26.41,26.48,-0.07000000000000028,-0.26,20629.99,88077.12
300753.SZ,2019-03-20,26.4,26.59,25.78,26.33,26.41,-0.08000000000000185,-0.3,18290.55,77759.932
300753.SZ,2019-03-21,26.34,26.56,26.15,26.37,26.33,0.0400000000000027,0.15,18809.05,80192.513
300753.SZ,2019-03-22,26.35,26.43,25.66,25.98,26.37,-0.39000000000000057,-1.48,15153.68,63724.672
300753.SZ,2019-03-25,25.83,26.61,25.69,26.33,25.98,0.34999999999999787,1.35,20209.69,85941.013
300753.SZ,2019-03-26,26.35,26.46,25.47,25.5,26.33,-0.8299999999999983,-3.15,17439.0,73012.771
300753.SZ,2019-03-27,25.63,25.87,24.83,25.09,25.5,-0.41000000000000014,-1.61,15296.26,62539.948
300753.SZ,2019-03-28,24.76,25.18,24.33,24.36,25.09,-0.7300000000000004,-2.91,15370.41,61518.553
300753.SZ,2019-03-29,24.42,25.1,23.99,25.04,24.36,0.6799999999999997,2.79,17177.47,68462.51
300753.SZ,2019-04-01,24.98,25.89,24.92,25.83,25.04,0.7899999999999991,3.15,18599.17,76847.702
300753.SZ,2019-04-02,25.81,25.9,25.48,25.49,25.83,-0.33999999999999986,-1.32,17821.12,73934.012
300753.SZ,2019-04-03,25.29,25.96,25.08,25.67,25.49,0.18000000000000327,0.71,17106.93,70738.094
300753.SZ,2019-04-04,25.8,25.91,25.52,25.82,25.67,0.14999999999999858,0.58,16451.62,68422.976
300753.SZ,2019-04-08,25.9,26.2,25.48,25.72,25.82,-0.10000000000000142,-0.39,18896.0,79124.646
300753.SZ,2019-04-09,25.36,25.72,24.74,25.09,25.72,-0.629999999999999,-2.45,17686.14,71639.21
300753.SZ,2019-04-10,25.21,25.64,24.98,25.35,25.09,0.26000000000000156,1.04,14536.26,59738.182
300753.SZ,2019-04-11,25.1,25.3,24.19,24.41,25.35,-0.9400000000000013,-3.71,18478.68,73424.866
300753.SZ,2019-04-12,24.44,24.84,24.24,24.48,24.41,0.07000000000000028,0.29,9095.59,36026.047
300753.SZ,2019-04-15,24.63,24.96,24.31,24.31,24.48,-0.1700000000000017,-0.69,9799.36,39033.846
300753.SZ,2019-04-16,24.31,24.58,23.94,24.55,24.31,0.240000000000002,0.99,10775.91,42273.817
300753.SZ,2019-04-17,24.5,24.92,24.34,24.74,24.55,0.18999999999999773,0.77,11518.41,46047.972
300753.SZ,2019-04-18,24.61,24.96,24.43,24.87,24.74,0.13000000000000256,0.53,10150.59,40627.942
300753.SZ,2019-04-19,24.85,24.94,24.49,24.7,24.87,-0.1700000000000017,-0.68,8940.27,35672.679
300753.SZ,2019-04-22,24.73,24.92,24.12,24.16,24.7,-0.5399999999999991,-2.19,10217.05,39766.31
300753.SZ,2019-04-23,24.23,24.29,23.23,23.33,24.16,-0.8300000000000018,-3.44,13713.71,52316.311
300753.SZ,2019-04-24,23.39,23.49,22.83,23.29,23.33,-0.03999999999999915,-0.17,11212.66,41516.027
300753.SZ,2019-04-25,23.25,23.62,22.98,23.0,23.29,-0.28999999999999915,-1.25,12576.29,46946.221
300753.SZ,2019-04-26,22.79,24.84,22.79,23.73,23.0,0.7300000000000004,3.17,21645.43,82679.181
300753.SZ,2019-04-29,23.74,24.59,23.74,23.85,23.73,0.120000000000001,0.51,20225.62,78375.728
300753.SZ,2019-04-30,23.86,24.41,22.98,23.16,23.85,-0.6900000000000013,-2.89,12987.36,48731.265
300753.SZ,2019-05-06,22.48,22.48,20.85,20.91,23.16,-2.25,-9.72,17749.45,60516.432
300753.SZ,2019-05-07,20.95,21.3,20.56,21.0,20.91,0.08999999999999986,0.43,12549.04,42151.681
300753.SZ,2019-05-08,20.33,21.41,20.24,21.04,21.0,0.03999999999999915,0.19,12055.53,40471.866
300753.SZ,2019-05-09,20.71,21.23,20.71,20.93,21.04,-0.10999999999999943,-0.52,7195.58,24249.375
300753.SZ,2019-05-10,21.1,21.54,20.86,21.51,20.93,0.5800000000000018,2.77,17569.49,59919.267
300753.SZ,2019-05-13,21.26,22.23,21.26,21.97,21.51,0.4599999999999973,2.14,16676.1,58268.088
300753.SZ,2019-05-14,21.67,22.22,21.48,21.77,21.97,-0.1999999999999993,-0.91,9318.85,32545.325
300753.SZ,2019-05-15,21.98,21.98,21.68,21.91,21.77,0.14000000000000057,0.64,6924.3,24226.828
300753.SZ,2019-05-16,21.89,22.36,21.79,22.0,21.91,0.08999999999999986,0.41,10335.9,36563.996
300753.SZ,2019-05-17,21.99,22.16,20.88,20.88,22.0,-1.120000000000001,-5.09,14047.94,48187.683
300753.SZ,2019-05-20,20.56,20.88,19.36,20.68,20.88,-0.1999999999999993,-0.96,9329.62,30350.18
300753.SZ,2019-05-21,20.61,21.06,20.56,20.8,20.68,0.120000000000001,0.58,6550.69,21889.59
300753.SZ,2019-05-22,20.92,20.92,20.21,20.26,20.8,-0.5399999999999991,-2.6,6627.34,21760.711
300753.SZ,2019-05-23,20.31,20.31,19.69,19.72,20.26,-0.5400000000000027,-2.67,6969.33,22290.819
300753.SZ,2019-05-24,19.72,20.29,19.68,20.08,19.72,0.35999999999999943,1.83,8029.06,25738.014
300753.SZ,2019-05-27,20.31,20.75,20.08,20.58,20.08,0.5,2.49,10605.4,34778.706
300753.SZ,2019-05-28,20.59,20.81,20.42,20.47,20.58,-0.10999999999999943,-0.53,7498.85,24694.614
300753.SZ,2019-05-29,20.49,21.08,20.33,20.89,20.47,0.4200000000000017,2.05,11885.0,39621.594
300753.SZ,2019-05-30,20.85,21.4,20.53,21.34,20.89,0.4499999999999993,2.15,13834.36,46267.086
300753.SZ,2019-05-31,21.3,22.79,21.1,22.35,21.34,1.0100000000000016,4.73,31452.82,111474.723
300753.SZ,2019-06-03,22.26,23.03,21.61,21.63,22.35,-0.7200000000000024,-3.22,20237.47,71827.296
300753.SZ,2019-06-04,21.51,22.03,21.15,21.84,21.63,0.21000000000000085,0.97,14354.69,49746.726
300753.SZ,2019-06-05,21.9,22.04,21.11,21.3,21.84,-0.5399999999999991,-2.47,13888.33,47601.282
300753.SZ,2019-06-06,21.23,21.25,19.93,20.06,21.3,-1.240000000000002,-5.82,11530.39,37547.032
300753.SZ,2019-06-10,20.1,20.28,19.83,20.08,20.06,0.019999999999999574,0.1,9664.0,31029.981
300753.SZ,2019-06-11,20.08,20.76,19.98,20.73,20.08,0.6500000000000021,3.24,8824.34,28987.811
300753.SZ,2019-06-12,20.79,21.35,20.73,21.01,20.73,0.28000000000000114,1.35,12060.34,40738.964
300753.SZ,2019-06-13,21.1,21.51,20.94,21.48,21.01,0.46999999999999886,2.24,9515.97,32403.625
300753.SZ,2019-06-14,21.5,21.5,20.58,20.61,21.48,-0.870000000000001,-4.05,9528.7,32035.181
300753.SZ,2019-06-17,20.65,21.08,20.62,20.81,20.61,0.1999999999999993,0.97,4363.0,14589.717
300753.SZ,2019-06-18,20.97,21.8,20.81,21.72,20.81,0.9100000000000001,4.37,15606.59,53771.584
300753.SZ,2019-06-19,22.36,22.48,21.46,21.69,21.72,-0.029999999999997584,-0.14,20790.96,72974.64
300753.SZ,2019-06-20,21.69,21.83,21.3,21.68,21.69,-0.010000000000001563,-0.05,10413.93,35990.314
300753.SZ,2019-06-21,21.81,22.14,21.7,21.89,21.68,0.21000000000000085,0.97,11405.1,39999.718
300753.SZ,2019-06-24,21.88,21.88,21.21,21.51,21.89,-0.379999999999999,-1.74,10047.44,34600.096
300753.SZ,2019-06-25,21.45,21.51,20.56,20.88,21.51,-0.6300000000000026,-2.93,13349.23,44774.868
300753.SZ,2019-06-26,20.89,22.94,20.89,22.3,20.88,1.4200000000000017,6.8,28051.2,98630.654
300753.SZ,2019-06-27,22.21,22.36,21.88,21.96,22.3,-0.33999999999999986,-1.52,21179.02,74914.218
300753.SZ,2019-06-28,22.13,23.03,21.93,22.46,21.96,0.5,2.28,31346.97,112793.302
300753.SZ,2019-07-01,22.61,23.21,22.3,23.2,22.46,0.7399999999999984,3.29,31427.87,115080.956
300753.SZ,2019-07-02,23.06,23.29,22.7,23.1,23.2,-0.09999999999999787,-0.43,19890.0,73241.521
300753.SZ,2019-07-03,23.1,23.2,22.29,22.41,23.1,-0.6900000000000013,-2.99,14712.11,53320.461
300753.SZ,2019-07-04,22.44,22.7,21.97,22.17,22.41,-0.23999999999999844,-1.07,10759.91,38246.622
300753.SZ,2019-07-05,22.19,22.64,22.08,22.57,22.17,0.3999999999999986,1.8,10862.86,38998.483
300753.SZ,2019-07-08,22.48,22.48,21.09,21.2,22.57,-1.370000000000001,-6.07,15610.26,54212.289
300753.SZ,2019-07-09,21.23,21.96,20.86,21.88,21.2,0.6799999999999997,3.21,14674.8,50320.5
300753.SZ,2019-07-10,21.86,22.61,21.63,21.9,21.88,0.019999999999999574,0.09,15631.34,55220.791
300753.SZ,2019-07-11,21.98,22.98,21.67,22.81,21.9,0.9100000000000001,4.16,29356.56,105979.401
300753.SZ,2019-07-12,22.58,23.7,22.43,23.49,22.81,0.6799999999999997,2.98,30724.38,112786.285
300753.SZ,2019-07-15,22.64,23.18,22.08,23.13,23.49,-0.35999999999999943,-1.53,26353.15,96036.861
300753.SZ,2019-07-16,22.98,25.4,22.85,24.02,23.13,0.8900000000000006,3.85,42966.49,165369.629
300753.SZ,2019-07-17,23.86,24.14,23.56,23.65,24.02,-0.370000000000001,-1.54,22778.52,86958.439
300753.SZ,2019-07-18,23.17,23.36,22.73,22.79,23.65,-0.8599999999999994,-3.64,19077.67,70212.655
300753.SZ,2019-07-19,22.84,23.21,22.55,22.67,22.79,-0.11999999999999744,-0.53,15580.47,56909.737
300753.SZ,2019-07-22,22.77,22.89,21.7,22.05,22.67,-0.620000000000001,-2.73,13375.1,47355.181
300753.SZ,2019-07-23,22.05,22.88,22.05,22.81,22.05,0.759999999999998,3.45,13005.85,47120.33
300753.SZ,2019-07-24,22.89,23.23,22.74,23.23,22.81,0.4200000000000017,1.84,15968.43,58848.092
300753.SZ,2019-07-25,23.11,23.35,22.86,23.23,23.23,0.0,0.0,14743.72,54437.71
300753.SZ,2019-07-26,23.04,23.67,22.91,23.23,23.23,0.0,0.0,13730.19,51165.376
300753.SZ,2019-07-29,23.22,24.29,22.98,23.42,23.23,0.19000000000000128,0.82,16093.02,60061.342
300753.SZ,2019-07-30,23.45,23.51,23.11,23.13,23.42,-0.2900000000000027,-1.24,12903.78,48065.165
300753.SZ,2019-07-31,23.06,23.13,22.7,22.72,23.13,-0.41000000000000014,-1.77,9855.0,36111.698
300753.SZ,2019-08-01,22.58,23.08,22.48,22.99,22.72,0.2699999999999996,1.19,10247.2,37436.499
300753.SZ,2019-08-02,22.59,22.79,22.28,22.59,22.99,-0.3999999999999986,-1.74,9280.25,33525.698
300753.SZ,2019-08-05,22.51,22.94,22.42,22.43,22.59,-0.16000000000000014,-0.71,10002.3,36326.492
300753.SZ,2019-08-06,21.97,22.47,21.33,21.75,22.43,-0.6799999999999997,-3.03,14278.36,49605.638
300753.SZ,2019-08-07,21.84,22.01,21.6,21.82,21.75,0.07000000000000028,0.32,8902.0,31098.169
300753.SZ,2019-08-08,21.86,22.41,21.79,22.24,21.82,0.41999999999999815,1.92,11678.78,41475.648
300753.SZ,2019-08-09,22.36,22.79,22.27,22.64,22.24,0.40000000000000213,1.8,16477.72,59690.754
300753.SZ,2019-08-12,22.61,22.98,22.58,22.91,22.64,0.2699999999999996,1.19,14427.42,52734.372
300753.SZ,2019-08-13,22.73,23.03,22.11,22.41,22.91,-0.5,-2.18,17509.27,63143.957
300753.SZ,2019-08-14,22.67,22.78,22.26,22.38,22.41,-0.030000000000001137,-0.13,11771.06,42325.473
300753.SZ,2019-08-15,21.87,22.31,21.69,22.24,22.38,-0.14000000000000057,-0.63,14243.95,50070.159
300753.SZ,2019-08-16,22.39,22.98,22.14,22.67,22.24,0.43000000000000327,1.93,20272.49,73345.247
300753.SZ,2019-08-19,22.74,23.2,22.62,23.1,22.67,0.4299999999999997,1.9,18970.05,69626.406
300753.SZ,2019-08-20,23.04,23.51,22.93,23.02,23.1,-0.08000000000000185,-0.35,18448.72,68436.037
300753.SZ,2019-08-21,23.01,23.37,22.81,23.11,23.02,0.08999999999999986,0.39,14690.3,54557.869
300753.SZ,2019-08-22,23.17,23.77,22.96,23.77,23.11,0.6600000000000001,2.86,23756.88,89215.77
300753.SZ,2019-08-23,23.77,23.91,23.34,23.44,23.77,-0.3299999999999983,-1.39,19330.02,72885.087
300753.SZ,2019-08-26,23.0,23.7,22.93,23.62,23.44,0.17999999999999972,0.77,13856.84,51861.333
300753.SZ,2019-08-27,23.99,24.35,23.62,24.13,23.62,0.509999999999998,2.16,23207.78,89131.872
300753.SZ,2019-08-28,24.13,24.31,23.37,23.43,24.13,-0.6999999999999993,-2.9,18984.59,72670.66
300753.SZ,2019-08-29,23.55,23.63,23.11,23.23,23.43,-0.1999999999999993,-0.85,13717.85,51207.667
300753.SZ,2019-08-30,23.24,23.37,23.04,23.08,23.23,-0.15000000000000213,-0.65,12702.0,47157.397
300753.SZ,2019-09-02,23.08,23.62,23.03,23.59,23.08,0.5100000000000016,2.21,13711.78,51225.618
300753.SZ,2019-09-03,23.59,23.59,23.23,23.41,23.59,-0.17999999999999972,-0.76,9391.02,35126.184
300753.SZ,2019-09-04,23.47,23.48,23.14,23.39,23.41,-0.019999999999999574,-0.09,8267.38,30830.349
300753.SZ,2019-09-05,23.41,23.79,23.36,23.59,23.39,0.1999999999999993,0.86,15622.45,59024.14
300753.SZ,2019-09-06,23.67,23.67,23.25,23.51,23.59,-0.0799999999999983,-0.34,11591.08,43443.322
300753.SZ,2019-09-09,23.62,24.22,23.38,24.14,23.51,0.629999999999999,2.68,18361.44,69977.973
300753.SZ,2019-09-10,24.04,24.44,23.82,24.32,24.14,0.17999999999999972,0.75,20613.09,79882.312
300753.SZ,2019-09-11,24.43,24.94,23.99,24.04,24.32,-0.28000000000000114,-1.15,19533.71,76361.83
300753.SZ,2019-09-12,24.09,24.64,23.81,24.6,24.04,0.5600000000000023,2.33,15774.36,61371.774
300753.SZ,2019-09-16,24.79,24.79,24.29,24.49,24.6,-0.11000000000000298,-0.45,14619.91,57577.813
300753.SZ,2019-09-17,24.36,24.49,23.73,23.99,24.49,-0.5,-2.04,12326.99,47519.289
300753.SZ,2019-09-18,23.98,24.68,23.79,24.64,23.99,0.6500000000000021,2.71,15761.46,61479.138
300753.SZ,2019-09-19,24.67,25.77,24.37,25.6,24.64,0.9600000000000009,3.9,31605.5,127717.456
300753.SZ,2019-09-20,25.47,25.59,25.16,25.29,25.6,-0.3100000000000023,-1.21,17216.9,69924.826
300753.SZ,2019-09-23,25.22,25.59,24.73,25.3,25.29,0.010000000000001563,0.04,15436.37,62216.2
300753.SZ,2019-09-24,25.43,25.72,24.86,24.96,25.3,-0.33999999999999986,-1.34,18784.16,76034.691
300753.SZ,2019-09-25,24.67,25.28,24.42,24.99,24.96,0.029999999999997584,0.12,14124.06,56256.298
300753.SZ,2019-09-26,24.81,25.1,23.73,23.74,24.99,-1.25,-5.0,18075.68,70171.303
300753.SZ,2019-09-27,23.92,24.21,23.64,24.04,23.74,0.3000000000000007,1.26,10661.68,40846.967
300753.SZ,2019-09-30,23.79,24.17,23.45,23.45,24.04,-0.5899999999999999,-2.45,9498.31,36307.378
300753.SZ,2019-10-08,23.61,23.91,23.23,23.62,23.45,0.1700000000000017,0.72,9226.0,34921.413
300753.SZ,2019-10-09,23.5,23.81,23.3,23.81,23.62,0.18999999999999773,0.8,5562.37,21011.155
300753.SZ,2019-10-10,23.79,24.41,23.63,24.38,23.81,0.5700000000000003,2.39,10524.63,40621.668
300753.SZ,2019-10-11,24.34,24.53,24.05,24.27,24.38,-0.10999999999999943,-0.45,8828.0,34402.387
300753.SZ,2019-10-14,24.67,24.67,24.11,24.32,24.27,0.05000000000000071,0.21,9325.56,36373.48
300753.SZ,2019-10-15,24.29,24.29,23.67,23.86,24.32,-0.46000000000000085,-1.89,7708.93,29495.822
300753.SZ,2019-10-16,24.56,25.6,24.56,25.02,23.86,1.1600000000000001,4.86,36565.12,146870.757
300753.SZ,2019-10-17,24.9,26.0,24.8,26.0,25.02,0.9800000000000004,3.92,35868.9,145891.64
300753.SZ,2019-10-18,26.0,26.71,25.53,25.62,26.0,-0.379999999999999,-1.46,33952.97,141734.791
300753.SZ,2019-10-21,25.85,26.22,25.05,25.4,25.62,-0.22000000000000242,-0.86,22155.82,90679.061
300753.SZ,2019-10-22,25.4,26.22,25.1,26.2,25.4,0.8000000000000007,3.15,22715.53,93156.624
300753.SZ,2019-10-23,26.2,26.5,25.2,25.74,26.2,-0.46000000000000085,-1.76,20367.69,84475.357
300753.SZ,2019-10-24,25.54,25.58,24.93,25.04,25.74,-0.6999999999999993,-2.72,15021.68,60636.554
300753.SZ,2019-10-25,25.16,25.52,24.77,25.44,25.04,0.40000000000000213,1.6,13469.36,54506.105
300753.SZ,2019-10-28,25.3,25.44,24.86,25.35,25.44,-0.08999999999999986,-0.35,14993.43,60416.635
300753.SZ,2019-10-29,25.33,25.33,24.38,24.8,25.35,-0.5500000000000007,-2.17,17601.41,69929.871
300753.SZ,2019-10-30,24.67,24.9,24.52,24.86,24.8,0.05999999999999872,0.24,6532.68,25869.839
300753.SZ,2019-10-31,24.92,25.35,24.56,25.07,24.86,0.21000000000000085,0.84,11713.29,46963.677
300753.SZ,2019-11-01,24.96,25.05,24.41,24.87,25.07,-0.1999999999999993,-0.8,8136.29,32307.539
300753.SZ,2019-11-04,24.87,25.7,24.81,25.67,24.87,0.8000000000000007,3.22,15258.18,61704.769
300753.SZ,2019-11-05,25.46,25.87,25.37,25.5,25.67,-0.1700000000000017,-0.66,10221.76,41875.615
300753.SZ,2019-11-06,25.6,26.06,25.44,25.9,25.5,0.3999999999999986,1.57,13629.98,56232.069
300753.SZ,2019-11-07,25.89,26.14,25.64,25.64,25.9,-0.259999999999998,-1.0,12059.59,49827.85
300753.SZ,2019-11-08,25.73,25.79,24.92,24.92,25.64,-0.7199999999999989,-2.81,14483.47,58826.722
300753.SZ,2019-11-11,24.81,25.27,24.48,24.84,24.92,-0.08000000000000185,-0.32,10237.86,40769.523
300753.SZ,2019-11-12,24.82,25.78,24.64,25.78,24.84,0.9400000000000013,3.78,12425.44,50253.163
300753.SZ,2019-11-13,25.62,26.85,25.46,26.33,25.78,0.5499999999999972,2.13,29277.64,123669.591
300753.SZ,2019-11-14,26.34,26.84,26.09,26.46,26.33,0.13000000000000256,0.49,21073.17,89372.169
300753.SZ,2019-11-15,26.46,28.73,26.3,27.43,26.46,0.9699999999999989,3.67,41104.02,181099.969
300753.SZ,2019-11-18,27.4,28.29,26.76,27.98,27.43,0.5500000000000007,2.01,35173.12,155114.136
300753.SZ,2019-11-19,27.62,28.2,27.42,27.95,27.98,-0.030000000000001137,-0.11,26761.31,119224.784
300753.SZ,2019-11-20,27.8,29.76,27.55,29.17,27.95,1.2200000000000024,4.36,36205.2,167968.443
300753.SZ,2019-11-21,29.03,31.72,29.0,31.72,29.17,2.549999999999997,8.74,50599.53,247866.688
300753.SZ,2019-11-22,31.72,31.72,28.55,28.55,31.72,-3.169999999999998,-9.99,70277.07,335322.248
300753.SZ,2019-11-25,28.04,28.04,26.75,27.05,28.55,-1.5,-5.25,33636.81,147066.862
300753.SZ,2019-11-26,27.05,27.35,26.11,27.0,27.05,-0.05000000000000071,-0.18,27814.89,119174.601
300753.SZ,2019-11-27,26.78,27.11,26.48,26.7,27.0,-0.3000000000000007,-1.11,15247.12,65324.909
300753.SZ,2019-11-28,26.85,27.54,26.67,27.42,26.7,0.7200000000000024,2.7,22299.05,96846.796
300753.SZ,2019-11-29,27.32,27.34,25.46,25.74,27.42,-1.6800000000000033,-6.13,30019.82,125493.176
300753.SZ,2019-12-02,25.61,25.86,25.29,25.85,25.74,0.11000000000000298,0.43,13959.44,57204.501
300753.SZ,2019-12-03,25.74,25.92,25.42,25.86,25.85,0.00999999999999801,0.04,10215.77,41932.338
300753.SZ,2019-12-04,25.67,26.39,25.6,26.04,25.86,0.17999999999999972,0.7,16985.32,71043.802
300753.SZ,2019-12-05,26.07,26.12,25.77,26.05,26.04,0.010000000000001563,0.04,16082.92,66923.148
300753.SZ,2019-12-06,26.05,26.21,25.12,25.59,26.05,-0.46000000000000085,-1.77,21280.58,87116.203
300753.SZ,2019-12-09,25.5,25.53,24.71,25.01,25.59,-0.5799999999999983,-2.27,19178.04,76965.885
300753.SZ,2019-12-10,25.03,25.25,24.79,25.04,25.01,0.029999999999997584,0.12,12531.59,50326.802
300753.SZ,2019-12-11,25.09,25.09,24.36,24.47,25.04,-0.5700000000000003,-2.28,18204.48,71871.719
300753.SZ,2019-12-12,24.41,24.64,24.3,24.5,24.47,0.030000000000001137,0.12,10085.9,39524.088
300753.SZ,2019-12-13,24.55,25.19,24.52,25.03,24.5,0.5300000000000011,2.16,19030.02,75982.226
300753.SZ,2019-12-16,24.99,25.37,24.86,25.35,25.03,0.3200000000000003,1.28,16917.68,68016.418
300753.SZ,2019-12-17,25.31,25.54,25.2,25.41,25.35,0.05999999999999872,0.24,14448.0,58641.203
300753.SZ,2019-12-18,25.36,25.36,25.06,25.13,25.41,-0.28000000000000114,-1.1,13896.94,56021.344
300753.SZ,2019-12-19,25.22,25.24,24.99,25.12,25.13,-0.00999999999999801,-0.04,9935.68,39916.318
300753.SZ,2019-12-20,25.12,25.41,25.04,25.37,25.12,0.25,1.0,12000.0,48507.41
300753.SZ,2019-12-23,25.36,25.44,24.67,24.7,25.37,-0.6700000000000017,-2.64,11395.0,45738.851
300753.SZ,2019-12-24,24.66,24.85,24.51,24.75,24.7,0.05000000000000071,0.2,9479.72,37457.839
300753.SZ,2019-12-25,24.75,24.87,24.59,24.79,24.75,0.03999999999999915,0.16,7977.01,31562.982
300753.SZ,2019-12-26,24.7,24.77,24.22,24.51,24.79,-0.2799999999999976,-1.13,14674.85,57395.321
300753.SZ,2019-12-27,24.43,25.17,24.36,25.04,24.51,0.5299999999999976,2.16,17413.0,69137.927
300753.SZ,2019-12-30,24.86,25.04,24.42,24.96,25.04,-0.0799999999999983,-0.32,10997.92,43699.146
300753.SZ,2019-12-31,25.39,25.92,25.19,25.45,24.96,0.48999999999999844,1.96,21540.34,88119.046
300753.SZ,2020-01-02,25.56,25.73,25.08,25.47,25.46,0.00999999999999801,0.04,17854.02,72370.405
300753.SZ,2020-01-03,25.46,25.92,25.36,25.72,25.47,0.25,0.98,15707.08,64364.865
300753.SZ,2020-01-06,25.59,26.21,25.51,25.71,25.72,-0.00999999999999801,-0.04,17796.04,73808.875
300753.SZ,2020-01-07,25.64,26.08,25.64,26.01,25.71,0.3000000000000007,1.17,13387.68,55473.169
300753.SZ,2020-01-08,25.86,25.91,25.36,25.37,26.01,-0.6400000000000006,-2.46,15267.76,62662.804
300753.SZ,2020-01-09,25.58,26.41,25.48,26.34,25.37,0.9699999999999989,3.82,22159.98,92266.99
300753.SZ,2020-01-10,26.41,26.99,26.09,26.86,26.34,0.5199999999999996,1.97,19663.47,83638.835
300753.SZ,2020-01-13,26.95,27.16,26.62,26.92,26.86,0.060000000000002274,0.22,16196.19,69826.704
300753.SZ,2020-01-14,26.79,27.37,26.53,27.04,26.92,0.11999999999999744,0.45,17221.87,74335.031
300753.SZ,2020-01-15,27.01,27.26,26.8,26.92,27.04,-0.11999999999999744,-0.44,10719.49,46254.446
300753.SZ,2020-01-16,26.89,26.89,26.48,26.64,26.92,-0.28000000000000114,-1.04,13556.14,57807.958
300753.SZ,2020-01-17,26.86,27.36,26.54,27.29,26.64,0.6499999999999986,2.44,22823.18,98456.658
300753.SZ,2020-01-20,27.01,27.13,26.5,26.61,27.29,-0.6799999999999997,-2.49,21976.86,94199.123
300753.SZ,2020-01-21,27.01,27.79,26.92,26.92,26.61,0.3100000000000023,1.16,31116.55,136500.844
300753.SZ,2020-01-22,27.47,29.61,27.47,29.61,26.92,2.6899999999999977,9.99,89939.88,423039.762
300753.SZ,2020-01-23,32.57,32.57,30.48,31.91,29.61,2.3000000000000007,7.77,95334.28,488103.097
300753.SZ,2020-02-03,28.72,29.98,28.72,28.72,31.91,-3.1900000000000013,-10.0,16299.0,75404.838
300753.SZ,2020-02-04,27.17,29.13,27.17,28.35,28.72,-0.36999999999999744,-1.29,56813.17,256987.923
300753.SZ,2020-02-05,28.18,29.84,27.53,29.2,28.35,0.8499999999999979,3.0,59874.14,274874.163
300753.SZ,2020-02-06,28.82,32.13,28.59,32.13,29.2,2.9300000000000033,10.03,84430.99,420294.927
300753.SZ,2020-02-07,31.85,32.11,29.93,30.66,32.13,-1.4700000000000024,-4.58,56277.6,278178.577
300753.SZ,2020-02-10,30.48,31.76,29.47,30.22,30.66,-0.4400000000000013,-1.44,38621.37,189685.81
300753.SZ,2020-02-11,30.42,30.42,28.74,29.07,30.22,-1.1499999999999986,-3.81,31443.32,147419.838
300753.SZ,2020-02-12,29.18,29.33,28.75,29.21,29.07,0.14000000000000057,0.48,20275.28,94426.448
300753.SZ,2020-02-13,29.42,29.47,28.45,28.92,29.21,-0.28999999999999915,-0.99,22110.0,101940.255
300753.SZ,2020-02-14,28.79,29.14,28.29,28.39,28.92,-0.5300000000000011,-1.83,17076.5,78417.88
300753.SZ,2020-02-17,28.06,29.01,28.05,28.92,28.39,0.5300000000000011,1.87,20044.7,91850.587
300753.SZ,2020-02-18,29.04,29.09,27.93,28.32,28.92,-0.6000000000000014,-2.07,34598.99,156957.422
300753.SZ,2020-02-19,28.18,28.98,28.14,28.33,28.32,0.00999999999999801,0.04,28340.0,129769.329
300753.SZ,2020-02-20,28.33,29.17,28.26,28.7,28.33,0.370000000000001,1.31,28378.67,130719.96
300753.SZ,2020-02-21,28.72,29.12,28.42,28.75,28.7,0.05000000000000071,0.17,22417.69,103040.556
300753.SZ,2020-02-24,28.77,30.29,28.51,30.29,28.75,1.5399999999999991,5.36,43879.58,206087.827
300753.SZ,2020-02-25,29.67,31.78,29.67,31.35,30.29,1.0600000000000023,3.5,45066.59,221802.273
300753.SZ,2020-02-26,30.75,31.47,29.89,29.93,31.35,-1.4200000000000017,-4.53,26296.55,128437.062
300753.SZ,2020-02-27,30.18,30.4,28.7,28.77,29.93,-1.1600000000000001,-3.88,25388.0,118716.824
300753.SZ,2020-02-28,27.48,28.38,26.42,26.58,28.77,-2.1900000000000013,-7.61,26678.68,116904.79
300753.SZ,2020-03-02,26.79,27.51,26.56,27.17,26.58,0.5900000000000034,2.22,21484.23,93185.558
300753.SZ,2020-03-03,27.67,28.26,27.24,27.39,27.17,0.21999999999999886,0.81,24504.36,108678.586
300753.SZ,2020-03-04,27.39,27.61,26.42,27.03,27.39,-0.35999999999999943,-1.31,26880.0,115990.509
300753.SZ,2020-03-05,27.39,28.12,26.98,28.02,27.03,0.9899999999999984,3.66,32239.68,141973.868
300753.SZ,2020-03-06,27.61,28.38,27.54,27.65,28.02,-0.370000000000001,-1.32,18836.03,84073.243
300753.SZ,2020-03-09,27.29,28.03,27.06,27.24,27.65,-0.41000000000000014,-1.48,15063.03,66390.983
300753.SZ,2020-03-10,26.86,27.41,25.66,27.18,27.24,-0.05999999999999872,-0.22,24643.69,104780.117
300753.SZ,2020-03-11,27.21,27.22,26.56,26.61,27.18,-0.5700000000000003,-2.1,13607.91,58726.779
300753.SZ,2020-03-12,26.14,26.58,25.61,26.01,26.61,-0.5999999999999979,-2.25,11908.69,49689.874
300753.SZ,2020-03-13,24.45,25.73,24.42,25.23,26.01,-0.7800000000000011,-3.0,14859.28,59460.471
300753.SZ,2020-03-16,25.36,25.95,24.36,24.36,25.23,-0.870000000000001,-3.45,13995.27,56166.468
300753.SZ,2020-03-17,24.91,24.91,23.47,24.28,24.36,-0.0799999999999983,-0.33,10567.01,40966.375
300753.SZ,2020-03-18,24.42,25.11,24.05,24.05,24.28,-0.23000000000000043,-0.95,10665.0,42107.538
300753.SZ,2020-03-19,24.11,24.66,23.72,24.05,24.05,0.0,0.0,18172.23,69587.018
300753.SZ,2020-03-20,24.28,24.47,23.93,24.4,24.05,0.34999999999999787,1.46,11099.0,43061.397
300753.SZ,2020-03-23,23.75,24.15,23.61,23.88,24.4,-0.5199999999999996,-2.13,10588.91,40492.329
300753.SZ,2020-03-24,24.23,24.46,23.6,24.16,23.88,0.28000000000000114,1.17,9735.0,37491.567
300753.SZ,2020-03-25,24.61,24.9,24.49,24.84,24.16,0.6799999999999997,2.81,13596.0,53839.488
300753.SZ,2020-03-26,24.97,25.68,24.76,25.41,24.84,0.5700000000000003,2.29,22273.0,89824.521
300753.SZ,2020-03-27,25.43,25.53,24.67,24.67,25.41,-0.7399999999999984,-2.91,14847.0,59476.208
300753.SZ,2020-03-30,24.42,24.42,23.47,23.58,24.67,-1.0900000000000034,-4.42,15691.25,59748.616
300753.SZ,2020-03-31,23.8,23.81,23.33,23.67,23.58,0.09000000000000341,0.38,10919.6,41239.885
300753.SZ,2020-04-01,23.59,23.91,23.5,23.55,23.67,-0.120000000000001,-0.51,6642.06,25183.522
300753.SZ,2020-04-02,23.55,23.83,23.42,23.8,23.55,0.25,1.06,7048.35,26667.498
300753.SZ,2020-04-03,23.8,25.03,23.73,24.78,23.8,0.9800000000000004,4.12,14026.63,54446.856
300753.SZ,2020-04-07,24.84,25.45,24.55,25.18,24.78,0.3999999999999986,1.61,16213.18,65057.379
300753.SZ,2020-04-08,24.98,25.23,24.8,24.98,25.18,-0.1999999999999993,-0.79,11790.0,47123.983
300753.SZ,2020-04-09,25.16,26.13,24.98,26.06,24.98,1.0799999999999983,4.32,22616.18,92730.514
300753.SZ,2020-04-10,25.26,25.26,23.73,24.05,26.06,-2.009999999999998,-7.71,25864.59,101374.711
300753.SZ,2020-04-13,23.73,24.54,23.69,24.36,24.05,0.3099999999999987,1.29,9235.23,35782.648
300753.SZ,2020-04-14,24.36,24.83,24.06,24.71,24.36,0.3500000000000014,1.44,9005.0,35399.806
300753.SZ,2020-04-15,24.83,25.34,24.64,25.17,24.71,0.46000000000000085,1.86,12981.0,52207.512
300753.SZ,2020-04-16,25.23,26.08,25.08,25.69,25.17,0.5199999999999996,2.07,20602.68,84761.98
300753.SZ,2020-04-17,25.61,26.01,25.11,25.16,25.69,-0.5300000000000011,-2.06,10323.0,42041.315
300753.SZ,2020-04-20,25.11,26.0,25.11,25.79,25.16,0.629999999999999,2.5,10363.36,42626.677
300753.SZ,2020-04-21,25.61,25.79,25.33,25.53,25.79,-0.259999999999998,-1.01,6767.68,27646.524
300753.SZ,2020-04-22,25.36,25.58,25.03,25.58,25.53,0.04999999999999716,0.2,8070.68,32717.819
300753.SZ,2020-04-23,25.63,26.21,25.36,25.67,25.58,0.09000000000000341,0.35,15618.0,64472.068
300753.SZ,2020-04-24,25.83,25.83,24.48,24.64,25.67,-1.0300000000000011,-4.01,13409.68,53700.144
300753.SZ,2020-04-27,24.67,25.41,24.38,25.08,24.64,0.4399999999999977,1.79,11449.0,45689.906
300753.SZ,2020-04-28,24.98,25.28,23.67,24.13,25.08,-0.9499999999999993,-3.79,12760.0,49430.908
300753.SZ,2020-04-29,24.13,24.28,23.82,23.88,24.13,-0.25,-1.04,6937.0,26648.096
300753.SZ,2020-04-30,23.83,24.67,23.83,24.36,23.88,0.4800000000000004,2.01,9252.22,36090.669
300753.SZ,2020-05-06,24.23,24.71,24.15,24.71,24.36,0.3500000000000014,1.44,6695.36,26262.479
300753.SZ,2020-05-07,24.72,25.69,24.72,25.31,24.71,0.5999999999999979,2.43,16549.86,67339.966
300753.SZ,2020-05-08,25.31,25.96,25.31,25.7,25.31,0.39000000000000057,1.54,13705.54,56444.046
300753.SZ,2020-05-11,25.79,26.67,25.61,25.86,25.7,0.16000000000000014,0.62,13656.0,56918.571
300753.SZ,2020-05-12,26.03,26.46,25.76,26.23,25.86,0.370000000000001,1.43,12582.68,52699.879
300753.SZ,2020-05-13,26.11,27.34,26.11,27.07,26.23,0.8399999999999999,3.2,24234.36,104673.104
300753.SZ,2020-05-14,27.14,28.18,27.1,27.57,27.07,0.5,1.85,32387.68,144246.691
300753.SZ,2020-05-15,27.79,28.42,27.61,28.01,27.57,0.4400000000000013,1.6,21833.16,98097.893
300753.SZ,2020-05-18,27.71,28.73,27.71,28.26,28.01,0.25,0.89,16824.89,76221.643
300753.SZ,2020-05-19,28.48,28.84,28.01,28.15,28.26,-0.11000000000000298,-0.39,15163.59,68988.068
300753.SZ,2020-05-20,28.35,28.35,27.41,27.71,28.15,-0.4399999999999977,-1.56,15262.87,67964.004
300753.SZ,2020-05-21,27.85,27.97,27.23,27.31,27.71,-0.40000000000000213,-1.44,11556.87,50981.446
300753.SZ,2020-05-22,27.47,27.47,26.16,26.47,27.31,-0.8399999999999999,-3.08,16086.0,68522.378
300753.SZ,2020-05-25,26.36,27.03,26.18,26.39,26.47,-0.0799999999999983,-0.3,12581.0,53281.685
300753.SZ,2020-05-26,26.39,28.98,26.29,28.73,26.39,2.34,8.87,37035.46,165644.166
300753.SZ,2020-05-27,29.0,29.35,28.23,28.44,28.73,-0.28999999999999915,-1.01,28616.14,132188.524
300753.SZ,2020-05-28,28.67,28.77,26.48,27.61,28.44,-0.8300000000000018,-2.92,35461.29,117914.828
300753.SZ,2020-05-29,27.6,28.43,27.07,28.06,27.61,0.4499999999999993,1.63,26541.2,90027.212
300753.SZ,2020-06-01,28.15,29.48,27.95,28.59,28.06,0.5300000000000011,1.89,29315.69,103062.973
300753.SZ,2020-06-02,28.56,28.81,27.74,27.89,28.59,-0.6999999999999993,-2.45,16238.03,55852.066
300753.SZ,2020-06-03,28.07,28.25,27.4,27.4,27.89,-0.490000000000002,-1.76,14943.39,50582.857
300753.SZ,2020-06-04,27.62,27.62,26.83,27.11,27.4,-0.28999999999999915,-1.06,18989.0,62839.891
300753.SZ,2020-06-05,27.3,28.65,27.11,28.52,27.11,1.4100000000000001,5.2,26219.65,89422.926
300753.SZ,2020-06-08,28.53,29.39,28.27,28.67,28.52,0.15000000000000213,0.53,32465.91,114604.988
300753.SZ,2020-06-09,28.28,30.92,28.28,30.38,28.67,1.7099999999999973,5.96,37761.87,137860.882
300753.SZ,2020-06-10,31.14,33.04,30.39,32.24,30.38,1.860000000000003,6.12,51362.22,199569.695
300753.SZ,2020-06-11,32.24,33.23,31.88,32.41,32.24,0.1699999999999946,0.53,31191.43,123697.067
300753.SZ,2020-06-12,31.96,32.96,31.79,32.71,32.41,0.30000000000000426,0.93,27665.31,109512.677
300753.SZ,2020-06-15,32.56,34.35,32.3,33.48,32.71,0.769999999999996,2.35,29698.59,120853.805
300753.SZ,2020-06-16,33.46,34.22,32.97,33.75,33.48,0.2700000000000031,0.81,20035.89,82162.433
300753.SZ,2020-06-17,34.14,34.27,33.24,33.48,33.75,-0.2700000000000031,-0.8,17151.0,70595.86
300753.SZ,2020-06-18,33.7,33.98,31.95,32.36,33.48,-1.1199999999999974,-3.35,36118.14,143871.122
300753.SZ,2020-06-19,32.69,33.31,31.95,32.36,32.36,0.0,0.0,40313.35,160935.473
300753.SZ,2020-06-22,32.92,33.3,31.24,31.47,32.36,-0.8900000000000006,-2.75,38217.4,148668.713
300753.SZ,2020-06-23,31.61,32.28,31.22,31.87,31.47,0.40000000000000213,1.27,39847.22,154087.244
300753.SZ,2020-06-24,31.87,31.87,30.62,30.95,31.87,-0.9200000000000017,-2.89,30331.7,114709.626
300753.SZ,2020-06-29,30.96,31.52,30.25,30.52,30.95,-0.4299999999999997,-1.39,25720.12,96552.632
300753.SZ,2020-06-30,31.05,33.57,30.91,31.46,30.52,0.9400000000000013,3.08,57771.9,225802.646
300753.SZ,2020-07-01,31.76,31.92,30.25,30.6,31.46,-0.8599999999999994,-2.73,36993.3,139823.519
300753.SZ,2020-07-02,30.63,31.0,30.32,30.72,30.6,0.11999999999999744,0.39,22809.0,85505.087
300753.SZ,2020-07-03,30.42,31.13,29.56,30.74,30.72,0.019999999999999574,0.07,42150.1,155285.736
300753.SZ,2020-07-06,30.31,31.67,30.31,31.25,30.74,0.5100000000000016,1.66,36346.0,138233.833
300753.SZ,2020-07-07,31.25,32.05,30.94,31.51,31.25,0.26000000000000156,0.83,35642.56,137673.382
300753.SZ,2020-07-08,31.23,31.79,30.65,31.04,31.51,-0.4700000000000024,-1.49,41153.89,155752.192
300753.SZ,2020-07-09,31.05,33.01,30.77,32.74,31.04,1.7000000000000028,5.48,57933.27,228160.042
300753.SZ,2020-07-10,32.55,33.46,32.37,32.83,32.74,0.0899999999999963,0.27,36012.83,144426.655
300753.SZ,2020-07-13,32.9,35.64,32.9,35.42,32.83,2.5900000000000034,7.89,51664.4,217130.058
300753.SZ,2020-07-14,35.54,35.55,31.88,31.98,35.42,-3.4400000000000013,-9.71,78082.0,314586.783
300753.SZ,2020-07-15,31.96,32.6,31.38,31.5,31.98,-0.4800000000000004,-1.5,35783.89,140172.676
300753.SZ,2020-07-16,31.84,31.86,29.74,30.0,31.5,-1.5,-4.76,32883.7,123247.167
300753.SZ,2020-07-17,29.82,30.41,29.35,29.72,30.0,-0.28000000000000114,-0.93,16894.2,61510.647
300753.SZ,2020-07-20,29.87,30.58,29.51,30.38,29.72,0.6600000000000001,2.22,18272.31,67214.15
300753.SZ,2020-07-21,30.42,31.58,30.33,30.93,30.38,0.5500000000000007,1.81,21098.69,79977.281
300753.SZ,2020-07-22,30.83,31.41,30.72,31.16,30.93,0.23000000000000043,0.74,19140.1,72747.532
300753.SZ,2020-07-23,30.56,31.15,29.94,30.72,31.16,-0.4400000000000013,-1.41,16917.36,63209.486
300753.SZ,2020-07-24,30.23,31.03,29.23,29.45,30.72,-1.2699999999999996,-4.13,20032.39,73903.909
300753.SZ,2020-07-27,29.25,29.56,28.25,28.4,29.45,-1.0500000000000007,-3.57,18779.36,66269.481
300753.SZ,2020-07-28,28.59,29.06,28.34,28.87,28.4,0.4700000000000024,1.65,13174.08,46053.783
300753.SZ,2020-07-29,28.89,29.61,28.66,29.56,28.87,0.6899999999999977,2.39,13505.32,48269.546
300753.SZ,2020-07-30,29.65,30.56,29.34,29.77,29.56,0.21000000000000085,0.71,14833.99,54080.362
300753.SZ,2020-07-31,29.88,30.47,29.34,29.97,29.77,0.1999999999999993,0.67,14395.64,52439.612
300753.SZ,2020-08-03,30.04,30.56,29.97,30.39,29.97,0.4200000000000017,1.4,15263.8,56453.115
300753.SZ,2020-08-04,30.18,30.72,29.89,30.0,30.39,-0.39000000000000057,-1.28,16560.79,61102.709
300753.SZ,2020-08-05,29.9,30.56,29.34,30.31,30.0,0.3099999999999987,1.03,15360.33,56434.31
300753.SZ,2020-08-06,30.18,30.7,29.59,29.79,30.31,-0.5199999999999996,-1.72,12637.68,46310.476
300753.SZ,2020-08-07,29.52,30.13,29.16,29.51,29.79,-0.2799999999999976,-0.94,16541.01,59642.705
300753.SZ,2020-08-10,30.69,32.46,30.35,31.13,29.51,1.6199999999999974,5.49,68652.08,266219.551
300753.SZ,2020-08-11,29.49,30.31,28.76,28.77,31.13,-2.3599999999999994,-7.58,47453.29,169664.996
300753.SZ,2020-08-12,28.66,28.66,27.49,27.99,28.77,-0.7800000000000011,-2.71,18440.33,62958.735
300753.SZ,2020-08-13,27.99,28.21,27.71,27.82,27.99,-0.16999999999999815,-0.61,9908.3,33756.784
300753.SZ,2020-08-14,27.9,28.03,27.35,27.81,27.82,-0.010000000000001563,-0.04,28821.27,97212.78
300753.SZ,2020-08-17,27.75,28.03,27.48,27.65,27.81,-0.16000000000000014,-0.58,34662.42,117367.583
300753.SZ,2020-08-18,27.99,28.0,27.42,27.6,27.65,-0.04999999999999716,-0.18,25342.06,85461.696
300753.SZ,2020-08-19,27.57,27.6,26.71,26.71,27.6,-0.8900000000000006,-3.22,17519.5,58054.634
300753.SZ,2020-08-20,26.79,27.2,26.67,27.13,26.71,0.41999999999999815,1.57,10156.2,33468.885
300753.SZ,2020-08-21,27.12,27.89,27.11,27.54,27.13,0.41000000000000014,1.51,18179.56,61256.925
300753.SZ,2020-08-24,28.01,28.01,27.48,27.8,27.54,0.26000000000000156,0.94,14876.71,50530.449
300753.SZ,2020-08-25,27.65,27.89,27.39,27.65,27.8,-0.15000000000000213,-0.54,14524.23,48876.924
300753.SZ,2020-08-26,27.69,28.16,27.44,27.8,27.65,0.15000000000000213,0.54,17315.9,58897.755
300753.SZ,2020-08-27,27.73,27.93,27.21,27.88,27.8,0.0799999999999983,0.29,12967.5,43641.389
300753.SZ,2020-08-28,27.85,28.41,27.77,28.25,27.88,0.370000000000001,1.33,16603.73,57145.664
300753.SZ,2020-08-31,28.31,28.57,27.8,27.84,28.25,-0.41000000000000014,-1.45,12931.33,44252.456
300753.SZ,2020-09-01,27.71,27.91,27.32,27.72,27.84,-0.120000000000001,-0.43,12354.28,41542.973
300753.SZ,2020-09-02,27.69,28.29,27.65,28.08,27.72,0.35999999999999943,1.3,12188.28,41627.383
300753.SZ,2020-09-03,28.21,28.58,28.03,28.17,28.08,0.09000000000000341,0.32,16689.31,57763.105
300753.SZ,2020-09-04,27.84,28.08,27.54,27.96,28.17,-0.21000000000000085,-0.75,8414.4,28575.285
300753.SZ,2020-09-07,27.86,28.41,27.47,27.53,27.96,-0.4299999999999997,-1.54,18648.32,63300.859
300753.SZ,2020-09-08,27.57,28.81,27.14,28.62,27.53,1.0899999999999999,3.96,27223.38,93731.21
300753.SZ,2020-09-09,28.26,28.66,27.45,27.57,28.62,-1.0500000000000007,-3.67,17294.9,58921.675
300753.SZ,2020-09-10,27.86,27.89,24.7,24.74,27.57,-2.830000000000002,-10.26,28477.04,90593.244
300753.SZ,2020-09-11,24.66,25.07,23.77,24.85,24.74,0.11000000000000298,0.44,22884.4,68519.376
300753.SZ,2020-09-14,25.17,26.04,24.99,25.77,24.85,0.9199999999999982,3.7,15156.75,47141.634
300753.SZ,2020-09-15,25.68,26.86,25.68,25.88,25.77,0.10999999999999943,0.43,14475.8,46354.357
300753.SZ,2020-09-16,26.05,26.12,25.39,25.57,25.88,-0.3099999999999987,-1.2,7345.6,22955.914
300753.SZ,2020-09-17,25.56,26.12,25.44,25.93,25.57,0.35999999999999943,1.41,9459.8,29806.383
300753.SZ,2020-09-18,25.94,26.42,25.86,26.12,25.93,0.19000000000000128,0.73,8954.4,28503.799
300753.SZ,2020-09-21,26.11,26.3,25.62,25.79,26.12,-0.33000000000000185,-1.26,9631.5,30368.707
300753.SZ,2020-09-22,25.5,26.35,25.44,25.58,25.79,-0.21000000000000085,-0.81,11027.2,34893.839
300753.SZ,2020-09-23,25.8,26.2,25.62,26.0,25.58,0.4200000000000017,1.64,12460.72,39429.141
300753.SZ,2020-09-24,25.77,26.0,25.3,25.48,26.0,-0.5199999999999996,-2.0,8421.17,26299.603
300753.SZ,2020-09-25,25.44,25.86,25.15,25.35,25.48,-0.129999999999999,-0.51,6777.1,21132.174
300753.SZ,2020-09-28,25.62,25.62,24.42,24.44,25.35,-0.9100000000000001,-3.59,10812.18,32671.272
300753.SZ,2020-09-29,24.73,25.39,24.22,25.17,24.44,0.7300000000000004,2.99,12218.8,37212.168
300753.SZ,2020-09-30,25.22,25.59,25.02,25.12,25.17,-0.05000000000000071,-0.2,7035.8,21723.43
300753.SZ,2020-10-09,25.67,26.12,25.48,25.8,25.12,0.6799999999999997,2.71,12355.5,38903.622
300753.SZ,2020-10-12,25.85,26.4,25.85,26.33,25.8,0.5299999999999976,2.05,13035.8,41657.063
300753.SZ,2020-10-13,26.38,27.26,26.17,26.74,26.33,0.41000000000000014,1.56,15288.6,49709.642
300753.SZ,2020-10-14,26.72,26.94,26.3,26.38,26.74,-0.35999999999999943,-1.35,9122.3,29546.065
300753.SZ,2020-10-15,26.38,26.71,25.85,25.98,26.38,-0.3999999999999986,-1.52,13206.72,42199.752
300753.SZ,2020-10-16,26.12,26.53,25.94,26.35,25.98,0.370000000000001,1.42,9627.7,30810.291
300753.SZ,2020-10-19,26.42,26.62,25.87,26.03,26.35,-0.3200000000000003,-1.21,8117.5,25939.144
300753.SZ,2020-10-20,25.8,26.53,25.53,26.46,26.03,0.4299999999999997,1.65,12634.2,40177.446
300753.SZ,2020-10-21,26.54,27.02,26.35,26.39,26.46,-0.07000000000000028,-0.26,12758.6,41502.171
300753.SZ,2020-10-22,26.22,27.27,26.03,26.67,26.39,0.28000000000000114,1.06,12719.0,41483.908
300753.SZ,2020-10-23,26.79,28.13,26.42,27.12,26.67,0.4499999999999993,1.69,33624.0,112643.439
300753.SZ,2020-10-26,26.88,28.96,26.88,28.65,27.12,1.5299999999999976,5.64,47255.07,162271.499
300753.SZ,2020-10-27,28.19,28.42,27.58,27.75,28.65,-0.8999999999999986,-3.14,26395.0,89712.54
300753.SZ,2020-10-28,28.11,28.57,27.71,27.92,27.75,0.1700000000000017,0.61,25216.18,86245.88
300753.SZ,2020-10-29,27.53,28.92,27.32,28.64,27.92,0.7199999999999989,2.58,31839.8,110578.381
300753.SZ,2020-10-30,28.42,29.07,27.77,27.93,28.64,-0.7100000000000009,-2.48,24573.5,85239.118
300753.SZ,2020-11-02,27.93,28.34,24.71,25.96,27.93,-1.9699999999999989,-7.05,52118.63,165425.001
300753.SZ,2020-11-03,25.64,27.2,25.44,26.77,25.96,0.8099999999999987,3.12,31595.76,102832.532
300753.SZ,2020-11-04,26.94,26.98,25.76,26.39,26.77,-0.379999999999999,-1.42,19090.9,61164.808
300753.SZ,2020-11-05,26.79,26.94,25.91,26.16,26.39,-0.23000000000000043,-0.87,13221.7,42320.719
300753.SZ,2020-11-06,26.04,26.19,25.27,25.52,26.16,-0.6400000000000006,-2.45,13668.6,42638.193
300753.SZ,2020-11-09,25.52,26.29,25.49,26.26,25.52,0.740000000000002,2.9,11017.2,34997.726
300753.SZ,2020-11-10,26.45,26.62,25.66,25.81,26.26,-0.45000000000000284,-1.71,12715.1,40219.956
300753.SZ,2020-11-11,25.75,26.21,25.4,26.18,25.81,0.370000000000001,1.43,15892.6,50317.765
300753.SZ,2020-11-12,26.8,26.8,24.26,24.65,26.18,-1.5300000000000011,-5.84,40410.94,124203.732
300753.SZ,2020-11-13,24.33,25.05,24.13,24.63,24.65,-0.019999999999999574,-0.08,12543.7,37662.74
300753.SZ,2020-11-16,24.78,25.23,24.58,25.02,24.63,0.39000000000000057,1.58,8417.4,25492.063
300753.SZ,2020-11-17,25.05,25.13,24.38,24.89,25.02,-0.129999999999999,-0.52,7663.1,23191.845
300753.SZ,2020-11-18,24.67,25.76,24.67,24.98,24.89,0.08999999999999986,0.36,18728.9,57855.091
300753.SZ,2020-11-19,24.98,25.29,24.62,25.04,24.98,0.05999999999999872,0.24,7461.9,22752.254
300753.SZ,2020-11-20,24.67,25.35,24.67,24.91,25.04,-0.129999999999999,-0.52,12610.7,38629.01
300753.SZ,2020-11-23,24.91,25.29,24.05,24.55,24.91,-0.35999999999999943,-1.45,16569.4,49946.781
300753.SZ,2020-11-24,24.17,24.57,23.88,24.08,24.55,-0.4700000000000024,-1.91,12848.7,37849.284
300753.SZ,2020-11-25,23.96,24.1,23.27,23.3,24.08,-0.7799999999999976,-3.24,16469.2,47251.67
300753.SZ,2020-11-26,23.41,23.68,23.22,23.4,23.3,0.09999999999999787,0.43,5821.35,16617.327
300753.SZ,2020-11-27,23.4,23.73,23.27,23.51,23.4,0.11000000000000298,0.47,22216.0,63805.326
300753.SZ,2020-11-30,23.51,23.51,22.69,22.84,23.51,-0.6700000000000017,-2.85,14648.1,40951.639
300753.SZ,2020-12-01,23.04,23.14,22.86,23.08,22.84,0.23999999999999844,1.05,6097.1,17165.67
300753.SZ,2020-12-02,23.37,23.47,22.94,23.1,23.08,0.020000000000003126,0.09,6979.2,19688.431
300753.SZ,2020-12-03,23.17,23.54,23.0,23.23,23.1,0.129999999999999,0.56,17774.02,50572.246
300753.SZ,2020-12-04,23.26,23.26,22.95,23.03,23.23,-0.1999999999999993,-0.86,8425.7,23698.43
300753.SZ,2020-12-07,23.04,23.13,22.8,22.8,23.03,-0.23000000000000043,-1.0,7257.7,20321.452
300753.SZ,2020-12-08,22.8,23.01,22.72,22.95,22.8,0.14999999999999858,0.66,5993.0,16755.555
300753.SZ,2020-12-09,22.9,23.02,22.27,22.27,22.95,-0.6799999999999997,-2.96,9033.8,24884.613
300753.SZ,2020-12-10,22.45,22.84,22.1,22.53,22.27,0.26000000000000156,1.17,8038.5,22028.72
300753.SZ,2020-12-11,22.56,22.58,21.62,21.68,22.53,-0.8500000000000014,-3.77,11219.6,29950.353
300753.SZ,2020-12-14,21.71,22.07,21.3,21.8,21.68,0.120000000000001,0.55,6022.2,15984.402
300753.SZ,2020-12-15,21.79,23.0,21.52,22.76,21.8,0.9600000000000009,4.4,12227.48,33576.725
300753.SZ,2020-12-16,22.54,22.77,22.36,22.46,22.76,-0.3000000000000007,-1.32,8955.7,24585.135
300753.SZ,2020-12-17,22.67,22.67,22.13,22.32,22.46,-0.14000000000000057,-0.62,6811.9,18548.354
300753.SZ,2020-12-18,22.36,22.36,21.68,21.88,22.32,-0.4400000000000013,-1.97,7086.55,19061.371
300753.SZ,2020-12-21,21.88,22.04,21.55,21.87,21.88,-0.00999999999999801,-0.05,6144.0,16385.058
300753.SZ,2020-12-22,21.87,22.45,21.79,21.86,21.87,-0.010000000000001563,-0.05,8600.98,23152.14
300753.SZ,2020-12-23,21.83,21.91,21.14,21.26,21.86,-0.5999999999999979,-2.74,10312.4,26917.087
300753.SZ,2020-12-24,21.42,21.42,20.52,20.82,21.26,-0.4400000000000013,-2.07,10261.82,26061.604
300753.SZ,2020-12-25,20.88,21.05,20.68,20.87,20.82,0.05000000000000071,0.24,4447.0,11339.126
300753.SZ,2020-12-28,20.77,20.9,20.09,20.09,20.87,-0.7800000000000011,-3.74,9672.3,23922.938
300753.SZ,2020-12-29,20.07,20.4,19.82,20.23,20.09,0.14000000000000057,0.7,7253.6,17839.329
300753.SZ,2020-12-30,20.08,20.3,19.87,20.19,20.23,-0.03999999999999915,-0.2,5309.8,13041.456
300753.SZ,2020-12-31,20.19,20.78,20.13,20.73,20.19,0.5399999999999991,2.67,6675.28,16757.671
300753.SZ,2021-01-04,20.52,20.93,20.52,20.68,20.73,-0.05000000000000071,-0.24,8550.48,21602.151
300753.SZ,2021-01-05,20.51,21.07,20.42,20.75,20.68,0.07000000000000028,0.34,7359.9,18548.212
300753.SZ,2021-01-06,20.57,21.62,20.57,21.01,20.75,0.26000000000000156,1.25,13333.29,34353.221
300753.SZ,2021-01-07,20.89,22.82,20.89,22.28,21.01,1.2699999999999996,6.04,32820.77,88571.605
300753.SZ,2021-01-08,21.86,22.28,21.53,21.55,22.28,-0.7300000000000004,-3.28,16094.4,42836.124
300753.SZ,2021-01-11,21.3,21.37,20.15,20.33,21.55,-1.2200000000000024,-5.66,15488.62,39181.291
300753.SZ,2021-01-12,20.37,20.87,20.15,20.65,20.33,0.3200000000000003,1.57,9037.43,22613.379
300753.SZ,2021-01-13,20.5,20.53,19.55,19.59,20.65,-1.0599999999999987,-5.13,11508.6,27905.73
300753.SZ,2021-01-14,19.5,19.9,19.04,19.56,19.59,-0.030000000000001137,-0.15,7973.49,19002.232
300753.SZ,2021-01-15,20.48,23.47,20.48,22.8,19.56,3.240000000000002,16.56,50989.17,138974.441
300753.SZ,2021-01-18,22.2,22.46,21.71,22.37,22.8,-0.4299999999999997,-1.89,24618.84,66346.008
300753.SZ,2021-01-19,22.16,22.82,21.22,21.45,22.37,-0.9200000000000017,-4.11,23425.38,62052.955
300753.SZ,2021-01-20,21.43,21.69,21.21,21.49,21.45,0.03999999999999915,0.19,12564.99,32904.837
300753.SZ,2021-01-21,21.61,21.86,21.36,21.4,21.49,-0.08999999999999986,-0.42,11141.58,29408.967
300753.SZ,2021-01-22,21.38,21.83,21.12,21.64,21.4,0.240000000000002,1.12,12260.7,32196.831
300753.SZ,2021-01-25,21.57,21.57,20.33,20.44,21.64,-1.1999999999999993,-5.55,16047.7,40352.601
300753.SZ,2021-01-26,20.13,20.77,19.7,20.72,20.44,0.2799999999999976,1.37,12124.2,30076.221
300753.SZ,2021-01-27,20.49,21.16,20.23,20.56,20.72,-0.16000000000000014,-0.77,14096.6,35463.4
300753.SZ,2021-01-28,20.22,20.78,19.83,19.83,20.56,-0.7300000000000004,-3.55,10833.0,26906.773
300753.SZ,2021-01-29,19.92,20.22,19.25,19.5,19.83,-0.3299999999999983,-1.66,9289.3,22280.732
300753.SZ,2021-02-01,19.5,20.25,19.5,20.08,19.5,0.5799999999999983,2.97,8845.3,21384.951
300753.SZ,2021-02-02,20.07,20.87,19.74,20.79,20.08,0.7100000000000009,3.54,10714.4,26652.137
300753.SZ,2021-02-03,20.92,20.92,20.25,20.37,20.79,-0.41999999999999815,-2.02,7326.4,18260.575
300753.SZ,2021-02-04,20.59,20.87,19.66,20.56,20.37,0.18999999999999773,0.93,11345.8,27995.952
300753.SZ,2021-02-05,20.56,20.74,19.86,19.93,20.56,-0.629999999999999,-3.06,7537.7,18703.943
300753.SZ,2021-02-08,19.7,20.19,19.68,19.89,19.93,-0.03999999999999915,-0.2,4999.5,12125.793
300753.SZ,2021-02-09,19.92,20.34,19.82,20.32,19.89,0.4299999999999997,2.16,6228.98,15289.86
300753.SZ,2021-02-10,20.19,21.16,20.19,20.79,20.32,0.46999999999999886,2.31,7707.2,19486.055
300753.SZ,2021-02-18,21.1,21.53,20.83,21.19,20.79,0.40000000000000213,1.92,9581.3,24788.89
300753.SZ,2021-02-19,21.2,22.44,21.2,22.28,21.19,1.0899999999999999,5.14,20609.3,55027.019
300753.SZ,2021-02-22,22.2,22.68,21.86,22.44,22.28,0.16000000000000014,0.72,22650.2,61594.6
300753.SZ,2021-02-23,22.49,22.69,21.79,22.14,22.44,-0.3000000000000007,-1.34,13328.9,36108.064
300753.SZ,2021-02-24,22.0,22.44,21.8,22.05,22.14,-0.08999999999999986,-0.41,11229.6,30251.192
300753.SZ,2021-02-25,22.08,22.27,21.55,21.66,22.05,-0.39000000000000057,-1.77,7310.0,19365.285
300753.SZ,2021-02-26,21.55,22.52,21.46,22.24,21.66,0.5799999999999983,2.68,15382.3,41664.408
300753.SZ,2021-03-01,22.45,22.8,22.09,22.44,22.24,0.20000000000000284,0.9,8736.5,23900.404
300753.SZ,2021-03-02,22.26,23.33,22.25,22.84,22.44,0.3999999999999986,1.78,20236.18,56567.383
300753.SZ,2021-03-03,22.52,23.75,22.39,23.39,22.84,0.5500000000000007,2.41,15194.0,42946.623
300753.SZ,2021-03-04,23.37,24.12,22.9,23.1,23.39,-0.28999999999999915,-1.24,12504.3,35956.63
300753.SZ,2021-03-05,22.86,23.27,22.73,22.94,23.1,-0.16000000000000014,-0.69,8081.6,22626.133
300753.SZ,2021-03-08,23.02,23.74,22.69,23.42,22.94,0.4800000000000004,2.09,13267.6,37728.534
300753.SZ,2021-03-09,23.28,23.53,22.12,22.13,23.42,-1.2900000000000027,-5.51,11261.5,31217.744
300753.SZ,2021-03-10,22.54,22.65,21.68,21.83,22.13,-0.3000000000000007,-1.36,9741.0,26175.428
300753.SZ,2021-03-11,21.83,22.95,21.61,22.68,21.83,0.8500000000000014,3.89,7748.3,21259.709
300753.SZ,2021-03-12,23.11,23.14,22.26,22.4,22.68,-0.28000000000000114,-1.23,5067.0,13927.948
300753.SZ,2021-03-15,22.28,22.87,22.17,22.64,22.4,0.240000000000002,1.07,6458.6,17828.388
300753.SZ,2021-03-16,22.57,24.21,22.57,24.19,22.64,1.5500000000000007,6.85,19322.42,55830.739
300753.SZ,2021-03-17,23.97,24.5,23.94,24.17,24.19,-0.019999999999999574,-0.08,10556.96,31096.435
300753.SZ,2021-03-18,24.18,24.48,23.7,24.17,24.17,0.0,0.0,11237.7,32972.872
300753.SZ,2021-03-19,24.09,24.97,24.0,24.82,24.17,0.6499999999999986,2.69,12949.1,39081.648
300753.SZ,2021-03-22,24.91,25.18,24.65,24.77,24.82,-0.05000000000000071,-0.2,8760.4,26612.983
300753.SZ,2021-03-23,24.76,25.68,24.64,25.28,24.77,0.5100000000000016,2.06,16420.4,50816.867
300753.SZ,2021-03-24,25.22,25.8,24.94,25.26,25.28,-0.019999999999999574,-0.08,13844.7,42871.996
300753.SZ,2021-03-25,25.1,25.5,24.26,24.35,25.26,-0.9100000000000001,-3.6,11790.7,35243.364
300753.SZ,2021-03-26,24.27,24.71,24.01,24.59,24.35,0.23999999999999844,0.99,11152.7,33085.416
300753.SZ,2021-03-29,24.32,26.13,24.32,25.41,24.59,0.8200000000000003,3.33,22015.38,68586.235
300753.SZ,2021-03-30,25.21,26.6,25.14,26.5,25.41,1.0899999999999999,4.29,22804.62,72735.01
300753.SZ,2021-03-31,26.59,26.59,25.87,26.18,26.5,-0.3200000000000003,-1.21,11173.5,35640.173
300753.SZ,2021-04-01,26.18,26.4,25.97,26.17,26.18,-0.00999999999999801,-0.04,7446.4,23756.461
300753.SZ,2021-04-02,26.13,26.44,25.57,25.85,26.17,-0.3200000000000003,-1.22,9385.56,29745.232
300753.SZ,2021-04-06,26.2,26.2,25.4,25.47,25.85,-0.38000000000000256,-1.47,7115.1,22234.77
300753.SZ,2021-04-07,25.7,25.7,24.91,25.04,25.47,-0.4299999999999997,-1.69,12151.1,37334.101
300753.SZ,2021-04-08,25.15,26.09,24.74,25.99,25.04,0.9499999999999993,3.79,12726.07,39865.949
300753.SZ,2021-04-09,26.21,26.4,22.69,22.93,25.99,-3.0599999999999987,-11.77,45150.77,130369.657
300753.SZ,2021-04-12,22.64,23.09,21.92,22.01,22.93,-0.9199999999999982,-4.01,19287.08,52689.768
300753.SZ,2021-04-13,22.06,22.23,21.75,22.0,22.01,-0.010000000000001563,-0.05,11108.26,29781.151
300753.SZ,2021-04-14,22.08,22.37,21.96,22.13,22.0,0.129999999999999,0.59,8006.0,21606.022
300753.SZ,2021-04-15,22.03,23.91,22.02,23.0,22.13,0.870000000000001,3.93,30158.77,84367.087
300753.SZ,2021-04-16,23.04,24.52,23.0,23.31,23.0,0.3099999999999987,1.35,29093.2,83762.84
300753.SZ,2021-04-19,23.19,23.5,22.73,23.18,23.31,-0.129999999999999,-0.56,16684.0,46917.341
300753.SZ,2021-04-20,23.02,23.68,22.73,23.26,23.18,0.08000000000000185,0.35,15979.6,45008.884
300753.SZ,2021-04-21,23.21,23.64,23.02,23.37,23.26,0.10999999999999943,0.47,7836.0,22320.205
300753.SZ,2021-04-22,23.64,25.18,23.37,25.07,23.37,1.6999999999999993,7.27,33220.2,99653.321
300753.SZ,2021-04-23,24.82,25.34,24.66,25.27,25.07,0.1999999999999993,0.8,20678.1,63303.266
300753.SZ,2021-04-26,25.44,26.28,25.08,25.27,25.27,0.0,0.0,38385.33,120518.063
300753.SZ,2021-04-27,24.91,25.58,24.68,25.13,25.27,-0.14000000000000057,-0.55,18567.9,56841.848
300753.SZ,2021-04-28,25.73,25.96,24.82,24.9,25.13,-0.23000000000000043,-0.92,14498.82,44492.768
300753.SZ,2021-04-29,24.85,25.13,24.32,24.34,24.9,-0.5599999999999987,-2.25,13077.2,39361.39
300753.SZ,2021-04-30,24.62,24.62,23.84,24.14,24.34,-0.1999999999999993,-0.82,12176.98,35874.484
300753.SZ,2021-05-06,24.01,25.52,24.01,24.79,24.14,0.6499999999999986,2.69,19404.4,59058.579
300753.SZ,2021-05-07,24.64,24.91,23.51,24.09,24.79,-0.6999999999999993,-2.82,16657.52,49204.391
300753.SZ,2021-05-10,23.9,24.19,23.59,23.95,24.09,-0.14000000000000057,-0.58,11510.8,33541.845
300753.SZ,2021-05-11,23.76,24.25,23.36,23.49,23.95,-0.46000000000000085,-1.92,11849.4,34267.186
300753.SZ,2021-05-12,23.35,24.61,22.87,24.52,23.49,1.0300000000000011,4.38,22492.24,65177.032
300753.SZ,2021-05-13,24.3,26.0,24.3,25.08,24.52,0.5599999999999987,2.28,25834.9,79253.291
300753.SZ,2021-05-14,25.23,25.45,24.82,25.14,25.08,0.060000000000002274,0.24,18133.32,55680.735
300753.SZ,2021-05-17,24.67,25.7,24.01,25.12,25.14,-0.019999999999999574,-0.08,24575.14,74786.853
300753.SZ,2021-05-18,24.99,25.04,24.51,24.92,25.12,-0.1999999999999993,-0.8,12419.5,37579.175
300753.SZ,2021-05-19,24.97,25.07,24.6,24.72,24.92,-0.20000000000000284,-0.8,8117.0,24572.636
300753.SZ,2021-05-20,24.62,25.71,24.44,24.47,24.72,-0.25,-1.01,18554.62,56553.645
300753.SZ,2021-05-21,24.37,24.58,23.59,23.75,24.47,-0.7199999999999989,-2.94,14999.64,43883.065
300753.SZ,2021-05-24,23.88,23.88,23.19,23.34,23.75,-0.41000000000000014,-1.73,10104.1,28833.674
300753.SZ,2021-05-25,23.4,23.91,23.31,23.77,23.34,0.4299999999999997,1.84,9666.3,27900.874
300753.SZ,2021-05-26,23.85,23.99,23.46,23.46,23.77,-0.3099999999999987,-1.3,9518.8,27498.23
300753.SZ,2021-05-27,23.76,24.05,23.46,23.66,23.46,0.1999999999999993,0.85,10255.1,29787.503
300753.SZ,2021-05-28,23.78,25.12,23.72,23.88,23.66,0.21999999999999886,0.93,23608.28,70196.744
300753.SZ,2021-05-31,24.09,24.82,23.68,24.64,23.88,0.7600000000000016,3.18,15874.83,47216.797
300753.SZ,2021-06-01,25.08,25.54,24.82,25.24,24.64,0.5999999999999979,2.44,25548.5,78830.768
300753.SZ,2021-06-02,25.53,25.53,24.39,24.59,25.24,-0.6499999999999986,-2.58,30601.88,76167.148
300753.SZ,2021-06-03,24.35,24.58,23.57,23.8,24.59,-0.7899999999999991,-3.21,20154.01,49069.095
300753.SZ,2021-06-04,23.99,24.11,23.66,23.97,23.8,0.16999999999999815,0.71,10262.56,24726.112
300753.SZ,2021-06-07,24.0,24.0,23.06,23.22,23.97,-0.75,-3.13,19657.01,46273.277
300753.SZ,2021-06-08,23.3,23.43,22.86,23.43,23.22,0.21000000000000085,0.9,14423.07,33639.427
300753.SZ,2021-06-09,23.43,23.46,22.87,22.98,23.43,-0.4499999999999993,-1.92,10749.55,25009.808
300753.SZ,2021-06-10,23.15,23.31,22.84,23.23,22.98,0.25,1.09,13286.44,30898.26
300753.SZ,2021-06-11,23.29,23.42,22.63,22.63,23.23,-0.6000000000000014,-2.58,13976.81,32286.69
300753.SZ,2021-06-15,22.7,22.71,21.89,22.0,22.63,-0.629999999999999,-2.78,11988.56,26783.127
300753.SZ,2021-06-16,22.1,22.26,21.85,22.05,22.0,0.05000000000000071,0.23,7641.16,16960.854
300753.SZ,2021-06-17,22.16,22.16,21.52,21.83,22.05,-0.22000000000000242,-1.0,6869.73,15106.26
300753.SZ,2021-06-18,21.78,22.65,21.65,22.5,21.83,0.6700000000000017,3.07,11344.96,25572.439
300753.SZ,2021-06-21,22.5,22.9,22.18,22.69,22.5,0.19000000000000128,0.84,7348.8,16779.603
300753.SZ,2021-06-22,22.53,22.98,22.35,22.64,22.69,-0.05000000000000071,-0.22,8472.07,19308.319
300753.SZ,2021-06-23,22.51,22.72,21.73,22.15,22.64,-0.490000000000002,-2.16,26217.96,58356.463
300753.SZ,2021-06-24,21.93,22.33,21.81,21.95,22.15,-0.1999999999999993,-0.9,11977.76,26526.523
300753.SZ,2021-06-25,21.98,22.28,21.61,22.18,21.95,0.23000000000000043,1.05,11535.68,25564.225
300753.SZ,2021-06-28,22.15,22.56,22.09,22.45,22.18,0.2699999999999996,1.22,10504.18,23697.602
300753.SZ,2021-06-29,22.45,22.73,22.28,22.49,22.45,0.03999999999999915,0.18,9573.88,21718.589
300753.SZ,2021-06-30,22.5,22.63,22.28,22.45,22.49,-0.03999999999999915,-0.18,7349.62,16638.799
300753.SZ,2021-07-01,22.56,22.83,22.14,22.39,22.45,-0.05999999999999872,-0.27,12697.42,28917.47
300753.SZ,2021-07-02,22.55,22.64,21.73,22.15,22.39,-0.240000000000002,-1.07,9317.05,20831.587
300753.SZ,2021-07-05,22.12,22.41,21.83,22.01,22.15,-0.13999999999999702,-0.63,9738.61,21636.96
300753.SZ,2021-07-06,22.01,22.03,21.42,21.62,22.01,-0.39000000000000057,-1.77,11827.19,25793.009
300753.SZ,2021-07-07,21.51,22.11,21.48,21.96,21.62,0.33999999999999986,1.57,8436.6,18605.581
300753.SZ,2021-07-08,21.96,21.99,21.05,21.1,21.96,-0.8599999999999994,-3.92,14573.64,31291.591
300753.SZ,2021-07-09,20.99,21.37,20.98,21.35,21.1,0.25,1.18,6755.8,14427.783
300753.SZ,2021-07-12,21.39,21.45,21.08,21.2,21.35,-0.15000000000000213,-0.7,7751.8,16591.657
300753.SZ,2021-07-13,21.1,21.15,20.42,20.51,21.2,-0.6899999999999977,-3.25,21292.44,44406.145
300753.SZ,2021-07-14,20.43,20.8,20.23,20.23,20.51,-0.28000000000000114,-1.37,16842.16,34775.56
300753.SZ,2021-07-15,20.23,20.52,20.04,20.22,20.23,-0.010000000000001563,-0.05,17505.34,35659.471
300753.SZ,2021-07-16,20.1,20.39,20.1,20.24,20.22,0.019999999999999574,0.1,7729.4,15769.811
300753.SZ,2021-07-19,20.15,20.77,19.95,20.68,20.24,0.4400000000000013,2.17,13863.96,28561.264
300753.SZ,2021-07-20,20.66,21.06,20.5,20.58,20.68,-0.10000000000000142,-0.48,12151.32,25399.642
300753.SZ,2021-07-21,20.78,20.95,20.64,20.81,20.58,0.23000000000000043,1.12,10919.08,22878.842
300753.SZ,2021-07-22,20.72,21.34,20.52,21.23,20.81,0.4200000000000017,2.02,16462.58,34692.211
300753.SZ,2021-07-23,21.1,21.12,20.44,20.53,21.23,-0.6999999999999993,-3.3,14558.49,30232.338
300753.SZ,2021-07-26,20.56,20.57,19.99,20.17,20.53,-0.35999999999999943,-1.75,9263.62,18833.734
300753.SZ,2021-07-27,20.17,20.37,19.73,19.83,20.17,-0.3400000000000034,-1.69,9353.04,18879.277
300753.SZ,2021-07-28,19.85,20.32,19.07,20.31,19.83,0.4800000000000004,2.42,14984.8,29938.292
300753.SZ,2021-07-29,20.4,20.49,20.08,20.27,20.31,-0.03999999999999915,-0.2,11947.32,24398.489
300753.SZ,2021-07-30,20.1,20.23,19.67,19.94,20.27,-0.3299999999999983,-1.63,13023.56,26076.023
300753.SZ,2021-08-02,19.98,20.24,19.67,20.18,19.94,0.23999999999999844,1.2,10843.59,21896.391
300753.SZ,2021-08-03,20.1,20.9,20.0,20.69,20.18,0.5100000000000016,2.53,21921.26,45475.697
300753.SZ,2021-08-04,20.54,20.74,20.2,20.33,20.69,-0.360000000000003,-1.74,13366.89,27380.735
300753.SZ,2021-08-05,20.33,20.37,19.86,19.86,20.33,-0.46999999999999886,-2.31,10601.54,21408.711
300753.SZ,2021-08-06,19.78,19.95,19.66,19.75,19.86,-0.10999999999999943,-0.55,8776.96,17455.634
300753.SZ,2021-08-09,19.75,20.11,19.64,20.02,19.75,0.2699999999999996,1.37,8309.96,16711.17
300753.SZ,2021-08-10,20.02,20.58,19.87,20.58,20.02,0.5599999999999987,2.8,12088.28,24760.694
300753.SZ,2021-08-11,20.54,20.58,20.15,20.17,20.58,-0.4099999999999966,-1.99,10741.24,21980.988
300753.SZ,2021-08-12,20.19,20.41,20.12,20.26,20.17,0.08999999999999986,0.45,8333.08,17023.058
300753.SZ,2021-08-13,20.41,20.41,19.93,20.05,20.26,-0.21000000000000085,-1.04,10237.04,20738.706
300753.SZ,2021-08-16,20.2,20.81,19.95,20.7,20.05,0.6499999999999986,3.24,20015.12,41416.011
300753.SZ,2021-08-17,20.71,21.09,20.23,20.26,20.7,-0.4399999999999977,-2.13,18999.92,39573.564
300753.SZ,2021-08-18,20.41,21.36,20.26,21.36,20.26,1.0999999999999979,5.43,24943.42,52598.972
300753.SZ,2021-08-19,21.31,21.35,20.88,21.1,21.36,-0.259999999999998,-1.22,16202.66,34417.159
300753.SZ,2021-08-20,20.97,21.07,20.23,20.69,21.1,-0.41000000000000014,-1.94,18648.16,38565.12
300753.SZ,2021-08-23,20.69,21.17,20.64,20.71,20.69,0.019999999999999574,0.1,17639.63,37040.686
300753.SZ,2021-08-24,20.84,20.94,20.44,20.59,20.71,-0.120000000000001,-0.58,11324.8,23477.143
300753.SZ,2021-08-25,20.59,21.12,20.52,20.98,20.59,0.39000000000000057,1.89,12792.38,26925.643
300753.SZ,2021-08-26,20.98,20.98,19.96,19.96,20.98,-1.0199999999999996,-4.86,26698.59,54461.06
300753.SZ,2021-08-27,19.95,20.12,19.83,19.9,19.96,-0.060000000000002274,-0.3,8924.36,17929.416
300753.SZ,2021-08-30,19.95,20.26,19.82,19.95,19.9,0.05000000000000071,0.25,8927.24,17983.088
300753.SZ,2021-08-31,19.87,19.99,19.38,19.56,19.95,-0.39000000000000057,-1.95,11835.44,23315.279
300753.SZ,2021-09-01,19.54,19.62,19.11,19.52,19.56,-0.03999999999999915,-0.2,12114.08,23596.317
300753.SZ,2021-09-02,19.45,19.59,19.25,19.38,19.52,-0.14000000000000057,-0.72,7276.32,14225.29
300753.SZ,2021-09-03,19.42,19.95,19.42,19.79,19.38,0.41000000000000014,2.12,11979.7,23846.695
300753.SZ,2021-09-06,19.7,20.27,19.7,20.23,19.79,0.4400000000000013,2.22,14644.4,29678.978
300753.SZ,2021-09-07,20.23,20.44,20.01,20.32,20.23,0.08999999999999986,0.44,13443.65,27483.766
300753.SZ,2021-09-08,20.34,20.52,20.14,20.23,20.32,-0.08999999999999986,-0.44,10163.21,20770.252
300753.SZ,2021-09-09,20.23,20.36,19.95,20.02,20.23,-0.21000000000000085,-1.04,7636.52,15454.448
300753.SZ,2021-09-10,20.01,20.29,19.89,20.04,20.02,0.019999999999999574,0.1,8098.84,16388.947
300753.SZ,2021-09-13,19.95,20.36,19.95,20.07,20.04,0.030000000000001137,0.15,7155.8,14517.468
300753.SZ,2021-09-14,20.04,20.23,19.95,20.17,20.07,0.10000000000000142,0.5,7698.48,15571.662
300753.SZ,2021-09-15,20.16,20.16,19.58,19.66,20.17,-0.5100000000000016,-2.53,11413.44,22734.422
300753.SZ,2021-09-16,19.7,19.93,19.57,19.57,19.66,-0.08999999999999986,-0.46,8283.48,16441.617
300753.SZ,2021-09-17,19.58,19.8,19.21,19.72,19.57,0.14999999999999858,0.77,11243.1,22126.907
300753.SZ,2021-09-22,19.54,20.07,19.45,19.71,19.72,-0.00999999999999801,-0.05,6137.74,12233.31
300753.SZ,2021-09-23,19.85,19.99,19.57,19.72,19.71,0.00999999999999801,0.05,6051.04,12062.633
300753.SZ,2021-09-24,19.73,19.95,19.5,19.71,19.72,-0.00999999999999801,-0.05,8743.36,17394.018
300753.SZ,2021-09-27,19.65,19.95,19.45,19.62,19.71,-0.08999999999999986,-0.46,8991.44,17826.085
300753.SZ,2021-09-28,19.62,19.75,19.36,19.46,19.62,-0.16000000000000014,-0.82,9928.8,19541.733
300753.SZ,2021-09-29,19.36,19.5,18.95,18.95,19.46,-0.5100000000000016,-2.62,9077.84,17576.595
300753.SZ,2021-09-30,18.95,19.2,18.93,19.08,18.95,0.129999999999999,0.69,4466.6,8590.053
300753.SZ,2021-10-08,19.13,19.62,19.13,19.51,19.08,0.43000000000000327,2.25,5467.12,10706.803
300753.SZ,2021-10-11,19.51,19.78,19.4,19.58,19.51,0.06999999999999673,0.36,4410.32,8691.08
300753.SZ,2021-10-12,19.45,20.0,19.4,19.65,19.58,0.07000000000000028,0.36,11739.52,23361.84
300753.SZ,2021-10-13,19.45,19.93,19.45,19.89,19.65,0.240000000000002,1.22,7199.1,14334.5
300753.SZ,2021-10-14,19.66,19.9,19.59,19.67,19.89,-0.21999999999999886,-1.11,5765.44,11437.51
300753.SZ,2021-10-15,19.3,19.45,18.57,18.71,19.67,-0.9600000000000009,-4.88,20935.4,39915.393
300753.SZ,2021-10-18,18.7,18.7,17.84,17.94,18.71,-0.7699999999999996,-4.12,19498.26,35614.531
300753.SZ,2021-10-19,17.94,18.09,17.88,18.0,17.94,0.05999999999999872,0.33,6396.96,11615.901
300753.SZ,2021-10-20,18.02,18.05,17.44,17.51,18.0,-0.48999999999999844,-2.72,12638.2,22431.832
300753.SZ,2021-10-21,17.56,17.75,17.49,17.5,17.51,-0.010000000000001563,-0.06,7192.34,12768.837
300753.SZ,2021-10-22,17.58,17.62,17.43,17.52,17.5,0.019999999999999574,0.11,3806.64,6719.088
300753.SZ,2021-10-25,17.62,17.65,17.43,17.59,17.52,0.07000000000000028,0.4,3420.4,6049.771
300753.SZ,2021-10-26,17.6,17.6,17.25,17.33,17.59,-0.26000000000000156,-1.48,7878.41,13815.315
300753.SZ,2021-10-27,17.39,17.39,16.26,16.45,17.33,-0.879999999999999,-5.08,15921.68,26647.695
300753.SZ,2021-10-28,16.31,16.51,16.14,16.31,16.45,-0.14000000000000057,-0.85,7367.81,12109.049
300753.SZ,2021-10-29,16.31,16.65,16.18,16.43,16.31,0.120000000000001,0.74,6392.6,10625.038
300753.SZ,2021-11-01,16.48,16.69,16.43,16.59,16.43,0.16000000000000014,0.97,5649.8,9444.178
300753.SZ,2021-11-02,16.6,16.91,16.3,16.46,16.59,-0.129999999999999,-0.78,6446.8,10784.857
300753.SZ,2021-11-03,16.49,16.8,16.49,16.6,16.46,0.14000000000000057,0.85,4432.28,7425.085
300753.SZ,2021-11-04,16.72,16.72,16.43,16.58,16.6,-0.020000000000003126,-0.12,4502.56,7515.888
300753.SZ,2021-11-05,16.54,16.7,16.47,16.61,16.58,0.030000000000001137,0.18,5436.88,9105.556
300753.SZ,2021-11-08,16.55,16.59,16.27,16.4,16.61,-0.21000000000000085,-1.26,6727.71,11090.522
300753.SZ,2021-11-09,16.47,17.12,16.42,17.02,16.4,0.620000000000001,3.78,14721.08,25004.517
300753.SZ,2021-11-10,16.87,17.03,16.75,17.02,17.02,0.0,0.0,7385.42,12589.126
300753.SZ,2021-11-11,17.03,17.45,16.88,17.32,17.02,0.3000000000000007,1.76,15223.68,26399.71
300753.SZ,2021-11-12,17.23,17.34,17.08,17.28,17.32,-0.03999999999999915,-0.23,7030.36,12170.017
300753.SZ,2021-11-15,17.27,17.72,17.2,17.64,17.28,0.35999999999999943,2.08,10323.98,18278.975
300753.SZ,2021-11-16,17.58,17.8,17.41,17.44,17.64,-0.1999999999999993,-1.13,7363.98,13004.237
300753.SZ,2021-11-17,17.44,17.65,17.36,17.58,17.44,0.13999999999999702,0.8,6186.31,10932.042
300753.SZ,2021-11-18,17.47,17.62,17.2,17.23,17.58,-0.34999999999999787,-1.99,8669.03,15157.516
300753.SZ,2021-11-19,17.42,17.62,17.22,17.55,17.23,0.3200000000000003,1.86,7921.08,13960.744
300753.SZ,2021-11-22,17.71,18.14,17.71,17.9,17.55,0.34999999999999787,1.99,16460.96,29649.882
300753.SZ,2021-11-23,17.84,18.04,17.68,18.03,17.9,0.13000000000000256,0.73,11548.54,20793.341
300753.SZ,2021-11-24,17.91,18.71,17.81,18.47,18.03,0.4399999999999977,2.44,19798.48,36628.17
300753.SZ,2021-11-25,18.48,18.8,18.27,18.57,18.47,0.10000000000000142,0.54,12722.88,23750.92
300753.SZ,2021-11-26,18.57,18.62,18.27,18.49,18.57,-0.08000000000000185,-0.43,10498.08,19482.191
300753.SZ,2021-11-29,18.49,18.76,18.18,18.74,18.49,0.25,1.35,14188.31,26417.804
300753.SZ,2021-11-30,18.7,19.03,18.56,18.95,18.74,0.21000000000000085,1.12,13840.8,26208.434
300753.SZ,2021-12-01,18.91,19.07,18.63,19.03,18.95,0.08000000000000185,0.42,10527.68,20034.015
300753.SZ,2021-12-02,19.03,19.51,18.77,18.77,19.03,-0.26000000000000156,-1.37,25577.36,49566.545
300753.SZ,2021-12-03,18.78,19.17,18.38,18.5,18.77,-0.2699999999999996,-1.44,16830.48,31766.72
300753.SZ,2021-12-06,18.48,18.69,17.99,18.01,18.5,-0.48999999999999844,-2.65,13074.16,23980.693
300753.SZ,2021-12-07,18.05,18.3,17.72,17.88,18.01,-0.13000000000000256,-0.72,10748.98,19453.49
300753.SZ,2021-12-08,17.89,18.12,17.84,17.91,17.88,0.030000000000001137,0.17,5484.92,9919.317
300753.SZ,2021-12-09,18.12,18.42,17.84,18.13,17.91,0.21999999999999886,1.23,9726.08,17795.788
300753.SZ,2021-12-10,18.18,19.5,18.11,19.28,18.13,1.1500000000000021,6.34,39805.74,76271.51
300753.SZ,2021-12-13,19.43,19.64,18.98,19.05,19.28,-0.23000000000000043,-1.19,15825.51,30545.325
300753.SZ,2021-12-14,19.04,19.33,18.98,19.05,19.05,0.0,0.0,7924.64,15299.435
300753.SZ,2021-12-15,19.15,19.18,18.78,18.81,19.05,-0.240000000000002,-1.26,7482.96,14251.263
300753.SZ,2021-12-16,18.87,19.01,18.66,18.87,18.81,0.060000000000002274,0.32,5824.0,11033.917
300753.SZ,2021-12-17,18.9,19.1,18.5,19.1,18.87,0.23000000000000043,1.22,11648.88,22029.94
300753.SZ,2021-12-20,19.04,19.23,18.78,18.79,19.1,-0.3100000000000023,-1.62,6792.0,13014.487
300753.SZ,2021-12-21,18.86,18.97,18.74,18.77,18.79,-0.019999999999999574,-0.11,5714.16,10832.137
300753.SZ,2021-12-22,18.77,19.13,18.77,18.93,18.77,0.16000000000000014,0.85,7782.31,14853.664
300753.SZ,2021-12-23,18.93,18.93,18.21,18.25,18.93,-0.6799999999999997,-3.59,12435.44,23090.254
300753.SZ,2021-12-24,18.33,18.6,18.22,18.39,18.25,0.14000000000000057,0.77,7135.16,13215.481
300753.SZ,2021-12-27,18.3,19.05,18.3,18.88,18.39,0.48999999999999844,2.66,10041.31,18988.513
300753.SZ,2021-12-28,19.0,19.0,18.6,18.78,18.88,-0.09999999999999787,-0.53,6233.07,11760.51
300753.SZ,2021-12-29,18.86,19.77,18.58,19.35,18.78,0.5700000000000003,3.04,25193.12,49190.356
300753.SZ,2021-12-30,19.31,20.84,19.24,20.1,19.35,0.75,3.88,48873.68,98830.617
300753.SZ,2021-12-31,19.73,20.34,19.53,20.14,20.1,0.03999999999999915,0.2,38454.56,77392.413
300753.SZ,2022-01-04,20.19,20.47,19.93,20.0,20.14,-0.14000000000000057,-0.7,26995.52,54850.485
300753.SZ,2022-01-05,19.93,20.04,19.4,19.68,20.0,-0.3200000000000003,-1.6,17782.16,35161.378
300753.SZ,2022-01-06,19.53,20.03,19.38,19.95,19.68,0.2699999999999996,1.37,14976.8,29873.851
300753.SZ,2022-01-07,19.99,20.34,19.6,19.69,19.95,-0.259999999999998,-1.3,16212.0,32626.038
300753.SZ,2022-01-10,19.66,20.25,19.58,20.04,19.69,0.34999999999999787,1.78,12560.52,25290.631
300753.SZ,2022-01-11,20.0,20.81,19.96,20.62,20.04,0.5800000000000018,2.89,34545.28,71519.203
300753.SZ,2022-01-12,20.39,20.77,20.38,20.52,20.62,-0.10000000000000142,-0.48,19612.68,40563.351
300753.SZ,2022-01-13,20.39,20.59,20.03,20.04,20.52,-0.4800000000000004,-2.34,16946.78,34480.715
300753.SZ,2022-01-14,20.04,21.05,20.04,20.72,20.04,0.6799999999999997,3.39,31425.52,65087.022
300753.SZ,2022-01-17,20.72,21.5,20.25,21.09,20.72,0.370000000000001,1.79,43978.67,92415.334
300753.SZ,2022-01-18,20.85,21.11,19.68,19.71,21.09,-1.379999999999999,-6.54,35425.88,71669.073
300753.SZ,2022-01-19,19.71,20.5,19.66,20.23,19.71,0.5199999999999996,2.64,18558.96,37557.397
300753.SZ,2022-01-20,20.35,20.41,19.1,19.18,20.23,-1.0500000000000007,-5.19,23194.79,45612.898
300753.SZ,2022-01-21,19.18,19.65,18.76,19.03,19.18,-0.14999999999999858,-0.78,12480.05,23974.005
300753.SZ,2022-01-24,19.01,19.03,17.96,18.15,19.03,-0.8800000000000026,-4.62,21709.11,40073.532
300753.SZ,2022-01-25,18.22,18.22,17.27,17.27,18.15,-0.879999999999999,-4.85,13400.08,23789.608
300753.SZ,2022-01-26,17.42,17.61,17.27,17.38,17.27,0.10999999999999943,0.64,9064.6,15918.104
300753.SZ,2022-01-27,17.4,17.57,16.69,16.8,17.38,-0.5799999999999983,-3.34,10729.16,18295.707
300753.SZ,2022-01-28,16.96,17.43,16.88,17.26,16.8,0.46000000000000085,2.74,8319.6,14423.285
300753.SZ,2022-02-07,17.56,17.69,17.18,17.3,17.26,0.03999999999999915,0.23,7434.4,13031.088
300753.SZ,2022-02-08,17.28,17.58,17.19,17.52,17.3,0.21999999999999886,1.27,7077.36,12434.812
300753.SZ,2022-02-09,17.57,17.86,17.47,17.81,17.52,0.28999999999999915,1.66,9250.2,16460.655
300753.SZ,2022-02-10,17.84,17.95,17.64,17.74,17.81,-0.07000000000000028,-0.39,8956.4,16039.677
300753.SZ,2022-02-11,17.62,17.71,16.97,17.07,17.74,-0.6699999999999982,-3.78,10973.52,18981.417
300753.SZ,2022-02-14,17.15,17.31,16.99,17.08,17.07,0.00999999999999801,0.06,5564.0,9617.022
300753.SZ,2022-02-15,17.05,17.41,17.05,17.24,17.08,0.16000000000000014,0.94,6793.72,11783.443
300753.SZ,2022-02-16,17.27,17.74,17.27,17.62,17.24,0.38000000000000256,2.2,6952.84,12273.098
300753.SZ,2022-02-17,17.62,17.86,17.37,17.4,17.62,-0.22000000000000242,-1.25,6592.4,11689.796
300753.SZ,2022-02-18,17.36,17.63,17.25,17.6,17.4,0.20000000000000284,1.15,5610.28,9886.609
300753.SZ,2022-02-21,17.63,18.19,17.63,18.11,17.6,0.509999999999998,2.9,13243.08,23990.256
300753.SZ,2022-02-22,18.04,18.16,17.57,17.71,18.11,-0.3999999999999986,-2.21,11319.92,20268.612
300753.SZ,2022-02-23,17.75,18.54,17.72,18.42,17.71,0.7100000000000009,4.01,12904.4,23757.01
300753.SZ,2022-02-24,18.29,18.61,17.71,18.02,18.42,-0.40000000000000213,-2.17,14125.0,25847.292
300753.SZ,2022-02-25,18.08,18.48,18.01,18.15,18.02,0.129999999999999,0.72,13066.88,24052.679
300753.SZ,2022-02-28,17.43,17.52,16.47,16.9,18.15,-1.25,-6.89,29700.31,50694.217
300753.SZ,2022-03-01,16.85,17.68,16.85,17.67,16.9,0.7700000000000031,4.56,20792.78,36314.841
300753.SZ,2022-03-02,17.76,17.76,17.3,17.55,17.67,-0.120000000000001,-0.68,9907.03,17440.659
300753.SZ,2022-03-03,17.57,17.63,17.23,17.27,17.55,-0.28000000000000114,-1.6,8793.4,15410.038
300753.SZ,2022-03-04,17.21,18.21,17.17,17.63,17.27,0.35999999999999943,2.08,19551.56,35092.544
300753.SZ,2022-03-07,17.54,20.68,17.54,20.02,17.63,2.3900000000000006,13.56,90540.56,176060.336
300753.SZ,2022-03-08,19.85,19.85,17.81,17.98,20.02,-2.039999999999999,-10.19,68428.56,127722.713
300753.SZ,2022-03-09,18.04,18.71,17.02,17.4,17.98,-0.5800000000000018,-3.23,41604.96,74692.149
300753.SZ,2022-03-10,17.58,19.34,17.58,18.52,17.4,1.120000000000001,6.44,51088.52,95859.544
300753.SZ,2022-03-11,18.07,18.61,17.91,18.42,18.52,-0.09999999999999787,-0.54,34092.6,62806.817
300753.SZ,2022-03-14,18.19,18.92,17.89,18.04,18.42,-0.38000000000000256,-2.06,37523.2,69989.638
300753.SZ,2022-03-15,17.91,18.04,16.56,16.56,18.04,-1.4800000000000004,-8.2,31723.8,55317.196
300753.SZ,2022-03-16,17.66,18.8,16.92,17.64,16.56,1.0800000000000018,6.52,46648.75,83211.248
300753.SZ,2022-03-17,17.71,18.81,17.48,18.09,17.64,0.4499999999999993,2.55,47689.96,87957.362
300753.SZ,2022-03-18,18.09,18.51,17.97,18.26,18.09,0.1700000000000017,0.94,24592.04,45312.905
300753.SZ,2022-03-21,18.38,19.36,18.37,18.84,18.26,0.5799999999999983,3.18,32313.16,61308.432
300753.SZ,2022-03-22,18.84,18.98,18.27,18.43,18.84,-0.41000000000000014,-2.18,19735.84,36685.744
300753.SZ,2022-03-23,18.56,18.68,17.87,18.08,18.43,-0.3500000000000014,-1.9,14957.83,27402.172
300753.SZ,2022-03-24,17.95,18.19,17.67,17.93,18.08,-0.14999999999999858,-0.83,13987.4,25275.524
300753.SZ,2022-03-25,17.98,18.11,17.52,17.62,17.93,-0.3099999999999987,-1.73,12775.78,22930.243
300753.SZ,2022-03-28,17.62,17.63,17.17,17.31,17.62,-0.3100000000000023,-1.76,11763.76,20557.364
300753.SZ,2022-03-29,17.42,17.74,17.12,17.41,17.31,0.10000000000000142,0.58,14172.52,24833.178
300753.SZ,2022-03-30,17.53,17.99,17.24,17.99,17.41,0.5799999999999983,3.33,17613.47,31346.806
300753.SZ,2022-03-31,18.46,20.24,18.06,19.38,17.99,1.3900000000000006,7.73,74400.28,145252.857
300753.SZ,2022-04-01,19.16,19.63,18.75,19.07,19.38,-0.3099999999999987,-1.6,36190.48,69215.069
300753.SZ,2022-04-06,18.99,19.23,18.76,19.08,19.07,0.00999999999999801,0.05,24281.6,46446.456
300753.SZ,2022-04-07,18.92,19.05,18.51,18.63,19.08,-0.4499999999999993,-2.36,16112.6,30460.066
300753.SZ,2022-04-08,18.66,18.67,17.62,17.84,18.63,-0.7899999999999991,-4.24,19954.08,36110.354
300753.SZ,2022-04-11,17.72,17.91,17.1,17.23,17.84,-0.6099999999999994,-3.42,14767.2,25911.974
300753.SZ,2022-04-12,17.23,17.71,17.06,17.71,17.23,0.4800000000000004,2.79,9389.4,16492.527
300753.SZ,2022-04-13,17.67,17.67,16.81,16.93,17.71,-0.7800000000000011,-4.4,13849.56,23838.873
300753.SZ,2022-04-14,17.02,17.15,16.89,16.9,16.93,-0.030000000000001137,-0.18,10831.0,18569.891
300753.SZ,2022-04-15,16.87,16.87,15.77,15.84,16.9,-1.0599999999999987,-6.27,22246.2,36389.089
300753.SZ,2022-04-18,15.84,16.0,15.33,15.73,15.84,-0.10999999999999943,-0.69,10161.6,16000.414
300753.SZ,2022-04-19,15.88,15.97,15.45,15.67,15.73,-0.0600000000000005,-0.38,10742.52,16964.631
300753.SZ,2022-04-20,15.76,15.87,15.29,15.4,15.67,-0.2699999999999996,-1.72,8831.0,13832.731
300753.SZ,2022-04-21,15.38,15.4,14.4,14.48,15.4,-0.9199999999999999,-5.97,17519.68,26147.262
300753.SZ,2022-04-22,14.44,14.48,13.89,14.25,14.48,-0.23000000000000043,-1.59,13966.0,19962.263
300753.SZ,2022-04-25,14.1,14.1,13.26,13.26,14.25,-0.9900000000000002,-6.95,16219.83,22359.545
300753.SZ,2022-04-26,13.48,13.56,12.39,12.45,13.26,-0.8100000000000005,-6.11,20074.48,26015.935
300753.SZ,2022-04-27,11.57,12.39,11.39,12.31,12.45,-0.1399999999999988,-1.12,29217.32,35364.567
300753.SZ,2022-04-28,12.19,12.4,11.49,11.69,12.31,-0.620000000000001,-5.04,19867.9,23620.362
300753.SZ,2022-04-29,11.86,12.5,11.86,12.4,11.69,0.7100000000000009,6.07,12797.52,15765.862
300753.SZ,2022-05-05,12.25,12.73,12.09,12.58,12.4,0.17999999999999972,1.45,10339.84,13065.057
300753.SZ,2022-05-06,12.28,12.69,12.28,12.62,12.58,0.03999999999999915,0.32,10813.4,13680.45
300753.SZ,2022-05-09,12.61,13.02,12.6,12.75,12.62,0.13000000000000078,1.03,10722.6,13833.355
300753.SZ,2022-05-10,12.5,13.37,12.47,13.21,12.75,0.46000000000000085,3.61,17389.52,22941.223
300753.SZ,2022-05-11,13.39,15.85,13.37,15.85,13.21,2.639999999999999,19.98,67222.59,104466.82
300753.SZ,2022-05-12,15.38,17.07,15.13,16.67,15.85,0.8200000000000021,5.17,97791.55,159459.179
300753.SZ,2022-05-13,17.2,18.06,16.04,17.26,16.67,0.5899999999999999,3.54,87251.18,152142.856
300753.SZ,2022-05-16,16.87,17.44,15.68,15.83,17.26,-1.4300000000000015,-8.29,62503.36,102901.753
300753.SZ,2022-05-17,16.15,16.26,14.47,15.04,15.83,-0.7900000000000009,-4.99,61053.05,92930.793
300753.SZ,2022-05-18,15.0,15.23,14.39,14.99,15.04,-0.049999999999998934,-0.33,37197.17,56031.777
300753.SZ,2022-05-19,14.74,14.94,14.4,14.79,14.99,-0.20000000000000107,-1.33,24868.36,36858.081
300753.SZ,2022-05-20,14.81,14.96,14.53,14.96,14.79,0.1700000000000017,1.15,23908.2,35429.829
300753.SZ,2022-05-23,15.43,15.43,14.39,14.59,14.96,-0.370000000000001,-2.47,36410.2,54079.846
300753.SZ,2022-05-24,14.84,14.84,13.47,13.47,14.59,-1.1199999999999992,-7.68,34543.92,48783.856
300753.SZ,2022-05-25,13.42,13.82,13.42,13.73,13.47,0.2599999999999998,1.93,15335.76,21107.188
300753.SZ,2022-05-26,13.74,13.88,13.44,13.73,13.73,0.0,0.0,11282.2,15535.995
300753.SZ,2022-05-27,13.79,13.84,13.55,13.75,13.73,0.019999999999999574,0.15,10469.4,14481.44
300753.SZ,2022-05-30,13.89,13.89,13.35,13.46,13.75,-0.28999999999999915,-2.11,15336.27,20911.743
300753.SZ,2022-05-31,13.37,13.65,13.09,13.56,13.46,0.09999999999999964,0.74,17374.12,23458.207
300753.SZ,2022-06-01,13.57,13.94,13.51,13.72,13.56,0.16000000000000014,1.18,14390.81,19983.424
300753.SZ,2022-06-02,13.82,13.86,13.4,13.74,13.72,0.019999999999999574,0.15,14022.76,19147.449
300753.SZ,2022-06-06,13.63,14.09,13.53,13.93,13.74,0.1899999999999995,1.38,20686.84,28993.349
300753.SZ,2022-06-07,13.89,13.98,13.59,13.82,13.93,-0.10999999999999943,-0.79,13228.96,18355.191
300753.SZ,2022-06-08,13.79,13.83,13.34,13.63,13.82,-0.1899999999999995,-1.37,16692.76,22843.192
300753.SZ,2022-06-09,13.59,13.65,13.21,13.32,13.63,-0.3100000000000005,-2.27,16242.76,21882.206
300753.SZ,2022-06-10,13.41,13.6,13.27,13.54,13.32,0.21999999999999886,1.65,8451.4,11458.256
300753.SZ,2022-06-13,13.34,13.7,13.26,13.58,13.54,0.040000000000000924,0.3,10053.84,13695.51
300753.SZ,2022-06-14,13.54,13.54,12.88,13.23,13.58,-0.34999999999999964,-2.58,13308.97,17631.419
300753.SZ,2022-06-15,13.23,13.5,13.18,13.24,13.23,0.009999999999999787,0.08,10244.36,13764.803
300753.SZ,2022-06-16,13.2,13.58,13.18,13.41,13.24,0.16999999999999993,1.28,13081.57,17727.365
300753.SZ,2022-06-17,13.4,13.56,13.15,13.55,13.41,0.14000000000000057,1.04,12161.16,16446.966
300753.SZ,2022-06-20,13.58,13.9,13.5,13.8,13.55,0.25,1.85,11751.44,16274.969
300753.SZ,2022-06-21,13.88,14.1,13.69,13.88,13.8,0.08000000000000007,0.58,16042.6,22503.523
300753.SZ,2022-06-22,13.96,14.0,13.66,13.72,13.88,-0.16000000000000014,-1.15,9711.4,13499.993
300753.SZ,2022-06-23,13.64,13.91,13.6,13.89,13.72,0.16999999999999993,1.24,10187.56,14161.841
300753.SZ,2022-06-24,13.95,14.21,13.9,14.08,13.89,0.1899999999999995,1.37,11639.08,16504.205
300753.SZ,2022-06-27,14.08,14.31,14.0,14.09,14.08,0.009999999999999787,0.07,9368.28,13317.99
300753.SZ,2022-06-28,14.11,14.24,13.89,14.18,14.09,0.08999999999999986,0.64,10557.48,15027.472
300753.SZ,2022-06-29,14.18,14.28,13.93,13.95,14.18,-0.23000000000000043,-1.62,10830.0,15368.871
300753.SZ,2022-06-30,13.97,14.36,13.93,14.06,13.95,0.11000000000000121,0.79,10543.0,15015.392
300753.SZ,2022-07-01,14.08,14.25,13.84,13.97,14.06,-0.08999999999999986,-0.64,10424.95,14771.916
300753.SZ,2022-07-04,13.98,14.28,13.94,14.28,13.97,0.3099999999999987,2.22,11717.46,16719.652
300753.SZ,2022-07-05,14.32,15.26,13.89,14.65,14.28,0.370000000000001,2.59,43663.1,64270.867
300753.SZ,2022-07-06,14.8,14.8,13.83,13.99,14.65,-0.6600000000000001,-4.51,33712.01,48040.653
300753.SZ,2022-07-07,13.98,14.03,13.51,13.56,13.99,-0.4299999999999997,-3.07,27876.22,38505.093
300753.SZ,2022-07-08,13.54,14.25,13.5,14.21,13.56,0.6500000000000004,4.79,28114.1,39761.427
300753.SZ,2022-07-11,14.21,14.44,13.91,14.02,14.21,-0.19000000000000128,-1.34,15247.72,21699.433
300753.SZ,2022-07-12,14.0,14.1,13.5,13.54,14.02,-0.4800000000000004,-3.42,15178.24,20916.88
300753.SZ,2022-07-13,13.5,13.67,13.39,13.61,13.54,0.07000000000000028,0.52,9083.76,12416.917
300753.SZ,2022-07-14,13.53,14.15,13.42,13.87,13.61,0.2599999999999998,1.91,14540.04,20319.1
300753.SZ,2022-07-15,13.75,13.79,13.27,13.32,13.87,-0.5499999999999989,-3.97,14383.8,19444.524
300753.SZ,2022-07-18,13.25,13.81,13.25,13.75,13.32,0.4299999999999997,3.23,11699.2,16043.442
300753.SZ,2022-07-19,13.74,14.27,13.72,13.84,13.75,0.08999999999999986,0.65,10683.52,14996.426
300753.SZ,2022-07-20,13.94,14.33,13.89,14.27,13.84,0.4299999999999997,3.11,16876.76,24134.594
300753.SZ,2022-07-21,14.27,14.58,14.17,14.2,14.27,-0.07000000000000028,-0.49,14470.6,20939.426
300753.SZ,2022-07-22,14.39,14.43,13.94,14.18,14.2,-0.019999999999999574,-0.14,11657.31,16654.548
300753.SZ,2022-07-25,14.22,14.57,13.99,14.3,14.18,0.120000000000001,0.85,13450.97,19364.079
300753.SZ,2022-07-26,14.39,14.39,14.04,14.22,14.3,-0.08000000000000007,-0.56,9657.12,13815.816
300753.SZ,2022-07-27,14.19,14.55,14.19,14.46,14.22,0.2400000000000002,1.69,16767.89,24374.722
300753.SZ,2022-07-28,14.6,14.6,14.42,14.5,14.46,0.03999999999999915,0.28,10370.04,15133.572
300753.SZ,2022-07-29,14.54,14.58,14.31,14.38,14.5,-0.11999999999999922,-0.83,12951.76,18818.701
300753.SZ,2022-08-01,14.35,14.48,14.27,14.33,14.38,-0.05000000000000071,-0.35,8764.2,12683.377
300753.SZ,2022-08-02,14.03,14.15,13.3,13.59,14.33,-0.7400000000000002,-5.16,20078.2,27501.786
300753.SZ,2022-08-03,13.6,13.94,13.31,13.54,13.59,-0.05000000000000071,-0.37,10748.01,14929.97
300753.SZ,2022-08-04,13.7,13.8,13.43,13.77,13.54,0.23000000000000043,1.7,15159.76,20882.459
300753.SZ,2022-08-05,13.85,13.94,13.7,13.89,13.77,0.120000000000001,0.87,9078.56,12629.729
300753.SZ,2022-08-08,13.97,14.05,13.83,14.05,13.89,0.16000000000000014,1.15,8090.0,11370.295
300753.SZ,2022-08-09,14.05,14.58,14.04,14.28,14.05,0.22999999999999865,1.64,23898.09,34568.207
300753.SZ,2022-08-10,14.22,14.46,14.15,14.39,14.28,0.11000000000000121,0.77,12507.4,18051.779
300753.SZ,2022-08-11,14.48,14.76,14.42,14.61,14.39,0.21999999999999886,1.53,13303.97,19584.058
300753.SZ,2022-08-12,14.76,14.76,14.43,14.53,14.61,-0.08000000000000007,-0.55,9505.8,13929.084
300753.SZ,2022-08-15,14.37,14.54,14.19,14.43,14.53,-0.09999999999999964,-0.69,10645.52,15385.258
300753.SZ,2022-08-16,14.6,14.66,14.28,14.38,14.43,-0.049999999999998934,-0.35,16682.52,24228.311
300753.SZ,2022-08-17,14.53,14.99,13.7,13.92,14.38,-0.46000000000000085,-3.2,43928.76,62201.104
300753.SZ,2022-08-18,13.81,13.92,13.7,13.78,13.92,-0.14000000000000057,-1.01,15211.8,21142.93
300753.SZ,2022-08-19,13.72,13.97,13.5,13.55,13.78,-0.22999999999999865,-1.67,18975.0,26220.657
300753.SZ,2022-08-22,13.56,13.71,13.31,13.56,13.55,0.009999999999999787,0.07,13998.03,19145.62
300753.SZ,2022-08-23,13.57,13.7,13.42,13.62,13.56,0.05999999999999872,0.44,8804.2,12056.497
300753.SZ,2022-08-24,13.62,13.65,13.22,13.26,13.62,-0.35999999999999943,-2.64,11675.24,15736.787
300753.SZ,2022-08-25,13.22,13.41,12.95,13.09,13.26,-0.16999999999999993,-1.28,10141.24,13395.533
300753.SZ,2022-08-26,13.07,13.4,13.0,13.16,13.09,0.07000000000000028,0.53,12381.45,16529.07
300753.SZ,2022-08-29,13.12,13.28,12.87,13.18,13.16,0.019999999999999574,0.15,11572.26,15211.695
300753.SZ,2022-08-30,13.18,13.36,13.12,13.33,13.18,0.15000000000000036,1.14,6360.6,8499.726
300753.SZ,2022-08-31,13.26,13.31,12.87,12.95,13.33,-0.3800000000000008,-2.85,8054.0,10579.68
300753.SZ,2022-09-01,13.03,13.18,12.92,12.94,12.95,-0.009999999999999787,-0.08,8182.64,10734.965
300753.SZ,2022-09-02,13.1,13.29,13.08,13.23,12.94,0.2900000000000009,2.24,5796.8,7698.653
300753.SZ,2022-09-05,13.21,13.53,13.21,13.37,13.23,0.1399999999999988,1.06,9289.96,12464.808
300753.SZ,2022-09-06,13.3,13.41,13.18,13.24,13.37,-0.129999999999999,-0.97,6917.78,9245.01
300753.SZ,2022-09-07,13.3,13.36,13.0,13.09,13.24,-0.15000000000000036,-1.13,7499.0,9914.728
300753.SZ,2022-09-08,13.09,13.16,12.93,12.96,13.09,-0.129999999999999,-0.99,8796.36,11539.631
300753.SZ,2022-09-09,13.0,13.56,13.0,13.19,12.96,0.22999999999999865,1.77,17758.81,23713.891
300753.SZ,2022-09-13,13.2,13.41,13.04,13.23,13.19,0.040000000000000924,0.3,13515.5,18025.641
300753.SZ,2022-09-14,12.99,13.23,12.93,13.11,13.23,-0.120000000000001,-0.91,8617.39,11345.276
300753.SZ,2022-09-15,13.08,13.23,12.71,12.83,13.11,-0.27999999999999936,-2.14,10405.8,13540.72
300753.SZ,2022-09-16,12.81,12.89,12.39,12.4,12.83,-0.4299999999999997,-3.35,9614.4,12216.229
300753.SZ,2022-09-19,12.4,12.5,12.11,12.25,12.4,-0.15000000000000036,-1.21,9557.48,11785.116
300753.SZ,2022-09-20,12.27,12.52,12.27,12.49,12.25,0.2400000000000002,1.96,5174.68,6492.535
300753.SZ,2022-09-21,12.39,12.49,12.21,12.48,12.49,-0.009999999999999787,-0.08,6090.4,7588.209
300753.SZ,2022-09-22,12.37,12.48,12.26,12.29,12.48,-0.19000000000000128,-1.52,8115.36,10107.325
300753.SZ,2022-09-23,12.29,12.37,11.81,11.82,12.29,-0.46999999999999886,-3.82,10729.36,12986.182
300753.SZ,2022-09-26,11.68,11.96,11.58,11.66,11.82,-0.16000000000000014,-1.35,6684.6,7910.974
300753.SZ,2022-09-27,11.68,12.18,11.68,12.18,11.66,0.5199999999999996,4.46,7848.4,9459.767
300753.SZ,2022-09-28,12.1,12.38,11.86,11.91,12.18,-0.2699999999999996,-2.22,9731.36,11846.109
300753.SZ,2022-09-29,12.1,12.28,11.92,12.11,11.91,0.1999999999999993,1.68,11081.56,13572.576
300753.SZ,2022-09-30,12.11,12.39,12.04,12.15,12.11,0.040000000000000924,0.33,7968.21,9823.745
300753.SZ,2022-10-10,12.16,12.39,11.85,11.9,12.15,-0.25,-2.06,6991.64,8480.355
300753.SZ,2022-10-11,11.91,12.1,11.74,12.01,11.9,0.10999999999999943,0.92,6793.8,8171.033
300753.SZ,2022-10-12,11.89,12.33,11.78,12.32,12.01,0.3100000000000005,2.58,7251.2,8777.808
300753.SZ,2022-10-13,12.31,12.75,12.28,12.66,12.32,0.33999999999999986,2.76,8849.8,11208.498
300753.SZ,2022-10-14,12.6,13.48,12.6,13.42,12.66,0.7599999999999998,6.0,23979.28,32023.762
300753.SZ,2022-10-17,13.31,13.77,13.31,13.76,13.42,0.33999999999999986,2.53,26297.83,36042.051
300753.SZ,2022-10-18,13.89,14.04,13.42,13.81,13.76,0.05000000000000071,0.36,21610.12,29991.155
300753.SZ,2022-10-19,13.72,13.87,13.5,13.62,13.81,-0.19000000000000128,-1.38,13169.64,18055.365
300753.SZ,2022-10-20,13.56,13.86,13.45,13.59,13.62,-0.02999999999999936,-0.22,11132.38,15349.279
300753.SZ,2022-10-21,13.67,13.72,13.42,13.58,13.59,-0.009999999999999787,-0.07,8605.24,11740.433
300753.SZ,2022-10-24,13.56,13.78,12.98,13.0,13.58,-0.5800000000000001,-4.27,11876.6,15887.767
300753.SZ,2022-10-25,13.0,13.15,12.36,12.59,13.0,-0.41000000000000014,-3.15,12087.4,15387.781
300753.SZ,2022-10-26,12.56,13.67,12.56,13.51,12.59,0.9199999999999999,7.31,19023.66,25447.179
300753.SZ,2022-10-27,13.49,13.63,13.25,13.45,13.51,-0.0600000000000005,-0.44,10498.19,14203.193
300753.SZ,2022-10-28,12.99,13.45,12.64,12.7,13.45,-0.75,-5.58,15248.27,19952.725
300753.SZ,2022-10-31,12.86,13.33,12.7,13.26,12.7,0.5600000000000005,4.41,15474.64,20497.894
300753.SZ,2022-11-01,13.52,13.52,13.01,13.43,13.26,0.16999999999999993,1.28,15770.64,21067.695
300753.SZ,2022-11-02,13.4,13.8,13.37,13.8,13.43,0.370000000000001,2.76,19540.74,26930.99
300753.SZ,2022-11-03,14.15,15.08,13.46,13.52,13.8,-0.28000000000000114,-2.03,61060.83,87031.32
300753.SZ,2022-11-04,13.68,14.12,13.17,13.62,13.52,0.09999999999999964,0.74,38218.33,52669.872
300753.SZ,2022-11-07,13.6,13.86,13.38,13.66,13.62,0.040000000000000924,0.29,21953.62,30239.514
300753.SZ,2022-11-08,13.79,13.79,13.33,13.62,13.66,-0.040000000000000924,-0.29,14426.64,19640.128
300753.SZ,2022-11-09,13.58,14.17,13.51,13.94,13.62,0.3200000000000003,2.35,27874.0,39130.381
300753.SZ,2022-11-10,13.7,14.37,13.7,14.09,13.94,0.15000000000000036,1.08,25938.78,36940.929
300753.SZ,2022-11-11,14.23,14.67,13.8,13.85,14.09,-0.2400000000000002,-1.7,26299.15,37821.289
300753.SZ,2022-11-14,13.71,14.55,13.71,14.35,13.85,0.5,3.61,27528.02,39510.307
300753.SZ,2022-11-15,14.35,14.63,14.2,14.53,14.35,0.17999999999999972,1.25,20201.58,29393.255
300753.SZ,2022-11-16,15.07,16.24,14.57,15.46,14.53,0.9300000000000015,6.4,72761.91,113391.944
300753.SZ,2022-11-17,15.41,18.24,15.34,17.66,15.46,2.1999999999999993,14.23,132148.71,224344.949
300753.SZ,2022-11-18,17.65,18.1,17.08,17.25,17.66,-0.41000000000000014,-2.32,87043.67,153616.241
300753.SZ,2022-11-21,17.26,17.5,16.48,16.72,17.25,-0.5300000000000011,-3.07,55703.24,94627.022
300753.SZ,2022-11-22,16.86,17.0,15.41,15.51,16.72,-1.209999999999999,-7.24,54434.06,87958.593
300753.SZ,2022-11-23,15.76,15.87,14.43,14.73,15.51,-0.7799999999999994,-5.03,54633.58,82440.932
300753.SZ,2022-11-24,14.79,15.23,14.7,14.99,14.73,0.2599999999999998,1.77,37061.2,55961.231
300753.SZ,2022-11-25,15.08,16.26,14.4,15.76,14.99,0.7699999999999996,5.14,58816.36,91257.651
300753.SZ,2022-11-28,15.63,16.47,15.16,15.5,15.76,-0.2599999999999998,-1.65,45569.36,72081.472
300753.SZ,2022-11-29,15.28,17.0,15.28,16.41,15.5,0.9100000000000001,5.87,59920.95,97894.277
300753.SZ,2022-11-30,16.28,17.75,16.19,16.87,16.41,0.46000000000000085,2.8,62553.79,106638.305
300753.SZ,2022-12-01,17.38,20.24,17.17,20.24,16.87,3.3699999999999974,19.98,210460.08,404963.929
300753.SZ,2022-12-02,19.93,23.42,19.85,22.23,20.24,1.990000000000002,9.83,213894.49,463970.165
300753.SZ,2022-12-05,22.94,23.46,21.44,22.43,22.23,0.1999999999999993,0.9,127866.77,289543.353
300753.SZ,2022-12-06,22.24,23.32,20.92,21.66,22.43,-0.7699999999999996,-3.43,104719.32,231297.241
300753.SZ,2022-12-07,21.61,21.81,20.49,21.33,21.66,-0.33000000000000185,-1.52,66650.92,141978.986
300753.SZ,2022-12-08,21.33,21.85,19.83,20.51,21.33,-0.8199999999999967,-3.84,83623.2,173717.645
300753.SZ,2022-12-09,20.34,21.48,19.75,20.89,20.51,0.379999999999999,1.85,89648.08,186593.779
300753.SZ,2022-12-12,20.84,21.99,19.85,21.88,20.89,0.9899999999999984,4.74,108592.29,231921.225
300753.SZ,2022-12-13,21.54,22.76,19.93,20.84,21.88,-1.0399999999999991,-4.75,109633.74,233113.038
300753.SZ,2022-12-14,20.61,20.62,19.12,20.17,20.84,-0.6699999999999982,-3.21,68505.24,137286.779
300753.SZ,2022-12-15,20.2,20.67,19.85,20.45,20.17,0.2799999999999976,1.39,43797.78,89671.114
300753.SZ,2022-12-16,20.82,23.62,20.5,22.85,20.45,2.400000000000002,11.74,123977.36,282804.618
300753.SZ,2022-12-19,23.02,24.3,20.07,20.2,22.85,-2.650000000000002,-11.6,94327.16,204250.247
300753.SZ,2022-12-20,20.41,20.84,19.43,19.52,20.2,-0.6799999999999997,-3.37,57299.3,114806.968
300753.SZ,2022-12-21,19.52,20.3,18.59,18.9,19.52,-0.620000000000001,-3.18,85758.36,164913.763
300753.SZ,2022-12-22,18.96,19.17,17.9,18.11,18.9,-0.7899999999999991,-4.18,55238.98,101877.645
300753.SZ,2022-12-23,18.43,18.81,17.62,18.42,18.11,0.3100000000000023,1.71,49591.2,90967.245
300753.SZ,2022-12-26,18.61,19.13,17.46,17.74,18.42,-0.6800000000000033,-3.69,62941.12,113848.517
300753.SZ,2022-12-27,17.75,17.75,16.95,17.27,17.74,-0.46999999999999886,-2.65,45670.8,79096.208
300753.SZ,2022-12-28,17.48,20.72,16.95,20.72,17.27,3.4499999999999993,19.98,124313.48,236019.966
300753.SZ,2022-12-29,20.72,21.7,18.79,18.96,20.72,-1.759999999999998,-8.49,176208.57,355681.764
300753.SZ,2022-12-30,18.86,18.89,17.76,17.93,18.96,-1.0300000000000011,-5.43,110279.72,201400.258
300753.SZ,2023-01-03,18.07,18.85,17.71,18.54,17.93,0.6099999999999994,3.4,78693.15,145813.742
300753.SZ,2023-01-04,18.63,19.14,17.96,18.62,18.54,0.08000000000000185,0.43,65555.26,122081.161
300753.SZ,2023-01-05,18.53,18.62,17.87,18.03,18.62,-0.5899999999999999,-3.17,43964.6,80405.454
300753.SZ,2023-01-06,18.24,18.25,17.39,17.69,18.03,-0.33999999999999986,-1.89,40523.6,71805.883
300753.SZ,2023-01-09,17.68,17.74,16.93,17.05,17.69,-0.6400000000000006,-3.62,44584.68,77206.86
300753.SZ,2023-01-10,17.06,17.06,16.45,16.65,17.05,-0.40000000000000213,-2.35,36609.2,61551.231
300753.SZ,2023-01-11,16.65,16.65,16.08,16.11,16.65,-0.5399999999999991,-3.24,38665.86,63461.611
300753.SZ,2023-01-12,16.52,16.54,15.68,15.79,16.11,-0.3200000000000003,-1.99,34250.4,55013.434
300753.SZ,2023-01-13,15.75,16.4,15.65,16.13,15.79,0.33999999999999986,2.15,47692.99,77413.331
300753.SZ,2023-01-16,16.1,17.27,16.1,17.13,16.13,1.0,6.2,60150.95,102851.678
300753.SZ,2023-01-17,17.24,17.98,16.75,17.28,17.13,0.15000000000000213,0.88,51222.8,89600.578
300753.SZ,2023-01-18,17.46,17.82,16.9,17.25,17.28,-0.030000000000001137,-0.17,36623.36,64228.289
300753.SZ,2023-01-19,17.02,17.86,17.02,17.54,17.25,0.28999999999999915,1.68,23681.96,41768.118
300753.SZ,2023-01-20,17.6,17.96,17.48,17.78,17.54,0.240000000000002,1.37,24262.4,43321.265
300753.SZ,2023-01-30,17.76,18.69,17.4,18.43,17.78,0.6499999999999986,3.66,59006.02,107270.414
300753.SZ,2023-01-31,18.05,18.12,17.62,17.7,18.43,-0.7300000000000004,-3.96,32098.11,57539.836
300753.SZ,2023-02-01,17.92,18.65,17.3,18.64,17.7,0.9400000000000013,5.31,44989.09,81781.798
300753.SZ,2023-02-02,18.64,19.01,18.21,18.32,18.64,-0.3200000000000003,-1.72,27420.8,51112.435
300753.SZ,2023-02-03,18.32,18.44,17.77,17.97,18.32,-0.3500000000000014,-1.91,26656.09,48450.235
300753.SZ,2023-02-06,17.91,18.74,17.47,17.84,17.97,-0.129999999999999,-0.72,31597.48,57669.675
300753.SZ,2023-02-07,17.76,18.14,17.57,17.76,17.84,-0.0799999999999983,-0.45,19046.4,34218.032
300753.SZ,2023-02-08,17.74,18.0,17.59,17.73,17.76,-0.030000000000001137,-0.17,13983.28,25040.865
300753.SZ,2023-02-09,17.8,18.1,17.68,17.97,17.73,0.23999999999999844,1.35,14098.6,25466.484
300753.SZ,2023-02-10,17.97,18.19,17.6,17.78,17.97,-0.18999999999999773,-1.06,16695.0,29999.04
300753.SZ,2023-02-13,17.66,18.25,17.66,17.92,17.78,0.14000000000000057,0.79,20538.84,37164.001
300753.SZ,2023-02-14,18.04,18.11,17.71,17.88,17.92,-0.0400000000000027,-0.22,13081.16,23511.712
300753.SZ,2023-02-15,17.96,18.06,17.75,17.91,17.88,0.030000000000001137,0.17,14892.87,26886.914
300753.SZ,2023-02-16,17.96,19.23,17.86,18.4,17.91,0.48999999999999844,2.74,44049.94,82080.899
300753.SZ,2023-02-17,18.41,18.51,17.51,17.93,18.4,-0.46999999999999886,-2.55,41955.6,76128.469
300753.SZ,2023-02-20,18.01,18.45,17.68,18.32,17.93,0.39000000000000057,2.18,33087.35,60261.011
300753.SZ,2023-02-21,18.33,19.27,18.2,18.63,18.32,0.3099999999999987,1.69,63128.6,119127.413
300753.SZ,2023-02-22,18.6,18.76,18.14,18.26,18.63,-0.36999999999999744,-1.99,29760.88,55280.277
300753.SZ,2023-02-23,18.37,18.4,17.45,17.54,18.26,-0.7200000000000024,-3.94,39197.8,70107.336
300753.SZ,2023-02-24,17.54,17.54,16.57,16.91,17.54,-0.629999999999999,-3.59,38957.6,66691.747
300753.SZ,2023-02-27,16.75,16.99,16.44,16.54,16.91,-0.370000000000001,-2.19,15973.2,26710.794
300753.SZ,2023-02-28,16.56,16.79,16.51,16.75,16.54,0.21000000000000085,1.27,12723.92,21389.488
300753.SZ,2023-03-01,16.75,16.82,16.35,16.54,16.75,-0.21000000000000085,-1.25,23017.8,38276.812
300753.SZ,2023-03-02,16.54,16.66,16.01,16.13,16.54,-0.41000000000000014,-2.48,27210.84,44624.329
300753.SZ,2023-03-03,16.23,16.33,15.91,16.12,16.13,-0.00999999999999801,-0.06,12531.6,20346.347
300753.SZ,2023-03-06,16.28,16.32,15.99,16.12,16.12,0.0,0.0,10180.72,16534.518
300753.SZ,2023-03-07,16.15,16.23,15.68,15.73,16.12,-0.39000000000000057,-2.42,15878.16,25410.835
300753.SZ,2023-03-08,15.78,15.88,15.64,15.81,15.73,0.08000000000000007,0.51,10333.08,16392.645
300753.SZ,2023-03-09,15.94,15.95,15.68,15.85,15.81,0.03999999999999915,0.25,8945.58,14259.284
300753.SZ,2023-03-10,15.81,15.88,15.59,15.67,15.85,-0.17999999999999972,-1.14,10043.4,15900.257
300753.SZ,2023-03-13,15.53,15.7,15.03,15.34,15.67,-0.33000000000000007,-2.11,30868.08,47614.909
300753.SZ,2023-03-14,15.44,15.58,14.94,15.04,15.34,-0.3000000000000007,-1.96,16566.04,25328.289
300753.SZ,2023-03-15,15.26,15.37,15.08,15.11,15.04,0.07000000000000028,0.47,11258.0,17283.496
300753.SZ,2023-03-16,15.24,15.24,14.86,14.86,15.11,-0.25,-1.65,11043.0,16705.145
300753.SZ,2023-03-17,14.99,15.1,14.8,14.84,14.86,-0.019999999999999574,-0.13,9651.6,14513.676
300753.SZ,2023-03-20,14.75,14.82,14.37,14.61,14.84,-0.23000000000000043,-1.55,12515.0,18349.457
300753.SZ,2023-03-21,14.61,15.12,14.49,15.07,14.61,0.46000000000000085,3.15,12214.28,18392.449
300753.SZ,2023-03-22,15.21,15.29,14.9,14.99,15.07,-0.08000000000000007,-0.53,13728.0,20793.405
300753.SZ,2023-03-23,14.89,15.05,14.59,14.66,14.99,-0.33000000000000007,-2.2,20769.02,30888.484
300753.SZ,2023-03-24,14.78,15.48,14.5,14.59,14.66,-0.07000000000000028,-0.48,35067.0,52639.371
300753.SZ,2023-03-27,14.55,15.16,14.55,15.13,14.59,0.5400000000000009,3.7,27301.28,40968.171
300753.SZ,2023-03-28,15.13,15.22,14.81,14.86,15.13,-0.27000000000000135,-1.78,18684.87,28173.908
300753.SZ,2023-03-29,14.87,15.0,14.61,14.77,14.86,-0.08999999999999986,-0.61,13318.59,19777.746
300753.SZ,2023-03-30,14.77,14.94,14.5,14.58,14.77,-0.1899999999999995,-1.29,10774.2,15854.386
300753.SZ,2023-03-31,14.58,14.77,14.5,14.74,14.58,0.16000000000000014,1.1,10622.0,15699.082
300753.SZ,2023-04-03,14.6,14.94,14.57,14.92,14.74,0.17999999999999972,1.22,12362.0,18410.486
300753.SZ,2023-04-04,14.98,14.98,14.42,14.51,14.92,-0.41000000000000014,-2.75,15834.84,23308.35
300753.SZ,2023-04-06,14.51,14.65,14.29,14.37,14.51,-0.14000000000000057,-0.96,17738.96,25800.871
300753.SZ,2023-04-07,14.45,14.99,14.44,14.96,14.37,0.5900000000000016,4.11,18953.72,28255.705
300753.SZ,2023-04-10,15.07,15.07,14.33,14.35,14.96,-0.6100000000000012,-4.08,21182.0,31084.317
300753.SZ,2023-04-11,14.36,14.61,14.36,14.49,14.35,0.14000000000000057,0.98,12774.8,18628.575
300753.SZ,2023-04-12,14.51,14.73,14.39,14.46,14.49,-0.02999999999999936,-0.21,7359.0,10751.05
300753.SZ,2023-04-13,14.46,14.88,14.3,14.72,14.46,0.2599999999999998,1.8,14221.24,21028.684
300753.SZ,2023-04-14,14.79,15.26,14.57,14.82,14.72,0.09999999999999964,0.68,17166.08,25681.952
300753.SZ,2023-04-17,14.75,14.97,14.64,14.83,14.82,0.009999999999999787,0.07,10387.96,15484.013
300753.SZ,2023-04-18,14.84,14.87,14.57,14.58,14.83,-0.25,-1.69,9496.72,14036.912
300753.SZ,2023-04-19,14.57,14.67,14.45,14.52,14.58,-0.0600000000000005,-0.41,8327.32,12183.967
300753.SZ,2023-04-20,14.46,14.61,14.08,14.1,14.52,-0.41999999999999993,-2.89,13254.2,18987.985
300753.SZ,2023-04-21,14.2,14.31,13.75,13.88,14.1,-0.21999999999999886,-1.56,17311.4,24467.697
300753.SZ,2023-04-24,13.82,15.61,13.77,14.99,13.88,1.1099999999999994,8.0,70762.45,106080.202
300753.SZ,2023-04-25,15.03,15.26,13.6,13.92,14.99,-1.0700000000000003,-7.14,49151.12,70342.492
300753.SZ,2023-04-26,14.03,15.24,13.99,14.77,13.92,0.8499999999999996,6.11,52423.35,78571.764
300753.SZ,2023-04-27,14.72,15.33,14.6,15.07,14.77,0.3000000000000007,2.03,49130.28,74492.315
300753.SZ,2023-04-28,15.15,15.15,14.72,15.06,15.07,-0.009999999999999787,-0.07,31873.88,48006.575
300753.SZ,2023-05-04,15.06,15.57,14.96,15.47,15.06,0.41000000000000014,2.72,39291.99,60706.611
300753.SZ,2023-05-05,15.61,15.61,14.77,14.91,15.47,-0.5600000000000005,-3.62,33549.61,50737.218
300753.SZ,2023-05-08,15.02,15.09,14.49,14.75,14.91,-0.16000000000000014,-1.07,26167.16,38829.315
300753.SZ,2023-05-09,14.77,14.77,14.37,14.39,14.75,-0.35999999999999943,-2.44,20002.4,29144.822
300753.SZ,2023-05-10,14.3,14.43,14.09,14.24,14.39,-0.15000000000000036,-1.04,16126.4,23104.695
300753.SZ,2023-05-11,14.23,14.69,14.09,14.54,14.24,0.29999999999999893,2.11,23021.76,33424.733
300753.SZ,2023-05-12,14.57,15.55,14.42,15.07,14.54,0.5300000000000011,3.65,43780.99,66986.377
300753.SZ,2023-05-15,15.07,15.13,14.49,15.04,15.07,-0.030000000000001137,-0.2,29397.08,43814.009
300753.SZ,2023-05-16,15.08,15.53,15.03,15.1,15.04,0.0600000000000005,0.4,31242.0,47931.809
300753.SZ,2023-05-17,15.17,15.51,14.83,15.47,15.1,0.370000000000001,2.45,27614.8,42422.833
300753.SZ,2023-05-18,15.45,15.6,15.23,15.51,15.47,0.03999999999999915,0.26,21170.4,32860.133
300753.SZ,2023-05-19,15.51,15.51,15.17,15.37,15.51,-0.14000000000000057,-0.9,15476.52,23941.255
300753.SZ,2023-05-22,15.38,15.64,15.37,15.5,15.37,0.13000000000000078,0.85,23553.48,36812.639
300753.SZ,2023-05-23,15.44,16.28,15.44,15.94,15.5,0.4399999999999995,2.84,47997.67,77154.489
300753.SZ,2023-05-24,16.08,16.52,15.63,15.71,15.94,-0.22999999999999865,-1.44,47735.56,76519.422
300753.SZ,2023-05-25,15.55,15.79,15.23,15.4,15.71,-0.3100000000000005,-1.97,31800.65,49491.998
300753.SZ,2023-05-26,15.41,15.82,15.15,15.71,15.4,0.3100000000000005,2.01,23439.9,36726.744
300753.SZ,2023-05-29,16.02,18.86,15.76,18.86,15.71,3.1499999999999986,20.05,112978.88,206950.213
300753.SZ,2023-05-30,22.63,22.63,21.4,22.63,18.86,3.7699999999999996,19.99,202138.86,460095.297
300753.SZ,2023-05-31,26.78,27.15,24.96,25.26,22.63,2.6300000000000026,11.62,460782.76,1233590.346
300753.SZ,2023-06-01,23.42,26.46,22.54,23.28,25.26,-1.9800000000000004,-7.84,413835.86,1012736.027
300753.SZ,2023-06-02,21.63,21.84,19.51,19.6,23.28,-3.6799999999999997,-15.81,359336.48,743577.485
300753.SZ,2023-06-05,18.96,19.73,18.87,19.33,19.6,-0.2700000000000031,-1.38,210066.68,408632.58
300753.SZ,2023-06-06,19.2,19.34,18.46,18.57,19.33,-0.759999999999998,-3.93,182847.67,348010.677
300753.SZ,2023-06-07,18.56,19.42,18.46,19.04,18.57,0.46999999999999886,2.53,170134.44,326941.297
300753.SZ,2023-06-08,18.94,19.85,18.62,19.42,19.04,0.38000000000000256,2.0,190826.26,370524.463
300753.SZ,2023-06-09,19.13,19.73,18.84,19.19,19.42,-0.23000000000000043,-1.18,148497.96,287860.505
300753.SZ,2023-06-12,19.06,19.19,18.77,19.05,19.19,-0.14000000000000057,-0.73,95349.66,182262.303
300753.SZ,2023-06-13,19.3,19.44,18.9,18.95,19.05,-0.10000000000000142,-0.52,113270.8,218143.106
300753.SZ,2023-06-14,18.85,19.08,18.57,18.68,18.95,-0.2699999999999996,-1.42,95740.05,180875.078
300753.SZ,2023-06-15,18.58,18.88,18.31,18.62,18.68,-0.05999999999999872,-0.32,94586.9,176909.476
300753.SZ,2023-06-16,18.63,18.92,18.42,18.92,18.62,0.3000000000000007,1.61,83755.2,157624.037
300753.SZ,2023-06-19,19.02,19.5,18.67,19.27,18.92,0.34999999999999787,1.85,155226.79,300240.269
300753.SZ,2023-06-20,19.15,19.54,18.53,18.63,19.27,-0.6400000000000006,-3.32,121178.0,230378.367
300753.SZ,2023-06-21,18.76,18.79,18.06,18.08,18.63,-0.5500000000000007,-2.95,86861.22,160491.165
300753.SZ,2023-06-26,17.81,18.22,17.71,17.74,18.08,-0.33999999999999986,-1.88,62332.46,112625.559
300753.SZ,2023-06-27,17.74,18.27,17.68,18.16,17.74,0.4200000000000017,2.37,42779.96,78063.485
300753.SZ,2023-06-28,18.25,18.26,17.55,17.79,18.16,-0.370000000000001,-2.04,51719.04,92619.123
300753.SZ,2023-06-29,17.79,18.42,17.77,18.28,17.79,0.490000000000002,2.75,59860.0,109901.182
300753.SZ,2023-06-30,18.26,18.55,18.16,18.19,18.28,-0.08999999999999986,-0.49,42647.0,78717.824
300753.SZ,2023-07-03,17.76,18.06,17.66,17.96,18.19,-0.23000000000000043,-1.26,55912.18,100740.437
300753.SZ,2023-07-04,17.86,18.0,17.63,17.76,17.96,-0.1999999999999993,-1.11,41024.0,73406.055
300753.SZ,2023-07-05,17.79,17.87,17.41,17.47,17.76,-0.2900000000000027,-1.63,38556.2,68269.139
300753.SZ,2023-07-06,17.47,17.96,17.42,17.53,17.47,0.060000000000002274,0.34,37053.0,65881.442
300753.SZ,2023-07-07,17.64,17.89,17.41,17.52,17.53,-0.010000000000001563,-0.06,41311.4,73349.704
300753.SZ,2023-07-10,17.53,17.78,17.42,17.44,17.52,-0.0799999999999983,-0.46,24073.2,42520.829
300753.SZ,2023-07-11,17.44,17.58,17.24,17.29,17.44,-0.15000000000000213,-0.86,28585.0,49905.488
300753.SZ,2023-07-12,17.33,17.45,17.03,17.1,17.29,-0.18999999999999773,-1.1,29652.4,51559.742
300753.SZ,2023-07-13,17.12,17.44,17.12,17.43,17.1,0.3299999999999983,1.93,29506.0,51545.582
300753.SZ,2023-07-14,17.4,17.69,17.32,17.52,17.43,0.08999999999999986,0.52,28365.2,50199.143
300753.SZ,2023-07-17,17.47,17.64,17.09,17.57,17.52,0.05000000000000071,0.29,26665.12,46880.343
300753.SZ,2023-07-18,17.7,17.91,17.32,17.37,17.57,-0.1999999999999993,-1.14,28517.2,50187.561
300753.SZ,2023-07-19,17.61,17.61,17.28,17.35,17.37,-0.019999999999999574,-0.12,18694.2,32734.009
300753.SZ,2023-07-20,17.45,17.62,17.21,17.25,17.35,-0.10000000000000142,-0.58,28695.8,50344.4
300753.SZ,2023-07-21,17.15,17.62,17.0,17.23,17.25,-0.019999999999999574,-0.12,31820.68,55690.994
300753.SZ,2023-07-24,17.31,17.9,17.18,17.77,17.23,0.5399999999999991,3.13,54047.99,96252.703
300753.SZ,2023-07-25,17.78,17.88,17.45,17.66,17.77,-0.10999999999999943,-0.62,40852.8,72428.695
300753.SZ,2023-07-26,17.62,17.64,17.17,17.23,17.66,-0.4299999999999997,-2.43,35610.0,62314.726
300753.SZ,2023-07-27,17.3,17.36,16.87,16.91,17.23,-0.3200000000000003,-1.86,32757.48,56356.682
300753.SZ,2023-07-28,16.84,17.07,16.64,16.95,16.91,0.03999999999999915,0.24,26941.92,45799.144
300753.SZ,2023-07-31,16.97,17.22,16.87,16.99,16.95,0.03999999999999915,0.24,26614.51,45697.102
300753.SZ,2023-08-01,17.05,17.09,16.52,16.62,16.99,-0.36999999999999744,-2.18,29575.2,49842.596
300753.SZ,2023-08-02,16.52,16.62,16.38,16.44,16.62,-0.17999999999999972,-1.08,22043.0,36554.027
300753.SZ,2023-08-03,16.38,16.62,16.33,16.54,16.44,0.09999999999999787,0.61,15813.0,26322.336
300753.SZ,2023-08-04,16.61,16.83,16.48,16.5,16.54,-0.03999999999999915,-0.24,21428.0,35822.17
300753.SZ,2023-08-07,16.44,16.6,16.32,16.44,16.5,-0.05999999999999872,-0.36,21793.0,36071.74
300753.SZ,2023-08-08,16.47,16.72,16.33,16.65,16.44,0.2099999999999973,1.28,31898.0,53363.194
300753.SZ,2023-08-09,16.61,17.38,16.43,17.12,16.65,0.4700000000000024,2.82,94815.8,163291.804
300753.SZ,2023-08-10,16.75,16.82,16.38,16.44,17.12,-0.6799999999999997,-3.97,66232.48,110365.258
300753.SZ,2023-08-11,16.46,17.35,16.43,16.87,16.44,0.4299999999999997,2.62,90730.74,155285.284
300753.SZ,2023-08-14,16.57,17.07,16.37,16.9,16.87,0.029999999999997584,0.18,56445.16,94453.843
300753.SZ,2023-08-15,16.9,17.29,16.27,17.11,16.9,0.21000000000000085,1.24,81026.56,137945.486
300753.SZ,2023-08-16,16.91,17.94,16.82,17.4,17.11,0.28999999999999915,1.69,123808.25,218743.436
300753.SZ,2023-08-17,17.16,17.4,16.63,16.78,17.4,-0.6199999999999974,-3.56,83150.34,141424.416
300753.SZ,2023-08-18,16.75,16.78,15.75,15.78,16.78,-1.0000000000000018,-5.96,77936.08,126611.936
300753.SZ,2023-08-21,15.72,16.39,15.64,16.1,15.78,0.32000000000000206,2.03,58910.92,95710.328
300753.SZ,2023-08-22,16.1,16.59,15.85,16.24,16.1,0.13999999999999702,0.87,43829.02,70902.158
300753.SZ,2023-08-23,16.16,16.31,15.87,15.89,16.24,-0.34999999999999787,-2.16,31194.69,50448.631
300753.SZ,2023-08-24,16.0,16.15,15.6,15.94,15.89,0.049999999999998934,0.31,28481.92,45618.653
300753.SZ,2023-08-25,16.0,16.12,15.44,15.51,15.94,-0.4299999999999997,-2.7,22865.2,36150.436
300753.SZ,2023-08-28,16.38,16.46,15.86,15.95,15.51,0.4399999999999995,2.84,42342.06,69281.38
300753.SZ,2023-08-29,15.97,16.7,15.78,16.67,15.95,0.7200000000000024,4.51,40944.4,67687.623
300753.SZ,2023-08-30,16.57,17.17,16.49,17.08,16.67,0.4099999999999966,2.46,37937.4,64726.348
300753.SZ,2023-08-31,17.09,17.16,16.57,16.89,17.08,-0.18999999999999773,-1.11,26387.0,44684.81
300753.SZ,2023-09-01,16.89,17.0,16.64,16.71,16.89,-0.17999999999999972,-1.07,20192.0,34058.887
300753.SZ,2023-09-04,16.81,16.82,16.41,16.62,16.71,-0.08999999999999986,-0.54,26787.2,44673.951
300753.SZ,2023-09-05,16.55,16.76,16.41,16.5,16.62,-0.120000000000001,-0.72,18026.0,30016.976
300753.SZ,2023-09-06,16.5,17.1,16.37,16.74,16.5,0.23999999999999844,1.45,31530.15,53224.807
300753.SZ,2023-09-07,16.68,16.87,16.27,16.29,16.74,-0.4499999999999993,-2.69,24612.0,40875.231
300753.SZ,2023-09-08,16.25,16.44,16.13,16.13,16.29,-0.16000000000000014,-0.98,16012.68,26270.768
300753.SZ,2023-09-11,16.14,16.86,16.13,16.68,16.13,0.5500000000000007,3.41,29060.79,48644.583
300753.SZ,2023-09-12,16.73,16.83,16.63,16.71,16.68,0.030000000000001137,0.18,18503.6,31171.34
300753.SZ,2023-09-13,16.72,16.72,16.18,16.37,16.71,-0.33999999999999986,-2.03,16376.0,27076.642
300753.SZ,2023-09-14,16.42,16.64,16.08,16.29,16.37,-0.08000000000000185,-0.49,17983.16,29482.079
300753.SZ,2023-09-15,16.29,16.95,16.26,16.59,16.29,0.3000000000000007,1.84,38960.4,65300.861
300753.SZ,2023-09-18,16.71,17.02,16.47,16.96,16.59,0.370000000000001,2.23,30895.6,52475.117
300753.SZ,2023-09-19,17.07,17.33,16.58,16.67,16.96,-0.28999999999999915,-1.71,24089.0,41041.692
300753.SZ,2023-09-20,16.87,17.36,16.84,16.94,16.67,0.2699999999999996,1.62,48282.4,83080.744
300753.SZ,2023-09-21,16.8,17.03,16.44,16.51,16.94,-0.4299999999999997,-2.54,35483.0,59542.137
300753.SZ,2023-09-22,16.43,16.79,16.2,16.77,16.51,0.259999999999998,1.57,30102.28,50042.205
300753.SZ,2023-09-25,16.77,17.04,16.62,16.88,16.77,0.10999999999999943,0.66,24076.36,40968.635
300753.SZ,2023-09-26,16.96,16.96,16.63,16.7,16.88,-0.17999999999999972,-1.07,23191.2,39137.641
300753.SZ,2023-09-27,16.73,17.2,16.68,17.03,16.7,0.33000000000000185,1.98,38592.2,66283.281
300753.SZ,2023-09-28,17.04,17.42,16.97,17.21,17.03,0.17999999999999972,1.06,30464.0,52910.324
300753.SZ,2023-10-09,17.21,17.41,16.81,16.95,17.21,-0.26000000000000156,-1.51,20951.8,35805.27
300753.SZ,2023-10-10,17.08,17.09,16.5,16.61,16.95,-0.33999999999999986,-2.01,26632.48,44699.279
300753.SZ,2023-10-11,16.61,17.29,16.61,17.08,16.61,0.46999999999999886,2.83,38143.48,65601.809
300753.SZ,2023-10-12,17.08,17.26,16.8,16.98,17.08,-0.09999999999999787,-0.59,24530.6,41988.137
300753.SZ,2023-10-13,16.98,17.48,16.9,17.03,16.98,0.05000000000000071,0.29,26723.47,46095.549
300753.SZ,2023-10-16,17.15,17.27,16.71,16.78,17.03,-0.25,-1.47,19605.82,33320.765
300753.SZ,2023-10-17,16.8,16.87,16.34,16.57,16.78,-0.21000000000000085,-1.25,24386.12,40610.299
300753.SZ,2023-10-18,16.56,16.57,15.87,15.95,16.57,-0.620000000000001,-3.74,22529.04,36451.851
300753.SZ,2023-10-19,15.8,16.04,15.58,15.65,15.95,-0.29999999999999893,-1.88,18247.6,28994.542
300753.SZ,2023-10-20,15.63,15.82,15.48,15.51,15.65,-0.14000000000000057,-0.89,21863.56,34319.279
300753.SZ,2023-10-23,15.49,15.8,15.22,15.34,15.51,-0.16999999999999993,-1.1,30890.2,48156.103
300753.SZ,2023-10-24,15.44,16.11,15.36,15.99,15.34,0.6500000000000004,4.24,25892.47,41182.34
300753.SZ,2023-10-25,16.01,16.46,15.92,16.41,15.99,0.41999999999999993,2.63,25821.9,42418.842
300753.SZ,2023-10-26,16.23,16.55,16.18,16.42,16.41,0.010000000000001563,0.06,18792.5,30906.878
300753.SZ,2023-10-27,16.46,17.32,16.28,17.17,16.42,0.75,4.57,43583.16,74186.848
300753.SZ,2023-10-30,17.17,17.61,17.13,17.42,17.17,0.25,1.46,38876.0,68180.555
300753.SZ,2023-10-31,17.42,17.94,17.29,17.7,17.42,0.2799999999999976,1.61,42252.0,75493.326
300753.SZ,2023-11-01,17.78,17.82,17.52,17.69,17.7,-0.00999999999999801,-0.06,23151.0,41180.613
300753.SZ,2023-11-02,17.76,17.87,17.4,17.46,17.69,-0.23000000000000043,-1.3,17488.4,30896.226
300753.SZ,2023-11-03,17.52,17.66,17.37,17.43,17.46,-0.030000000000001137,-0.17,18119.0,31969.99
300753.SZ,2023-11-06,17.45,17.79,17.43,17.53,17.43,0.10000000000000142,0.57,19941.0,35376.923
300753.SZ,2023-11-07,17.52,17.62,17.35,17.49,17.53,-0.0400000000000027,-0.23,15098.6,26657.338
300753.SZ,2023-11-08,17.49,18.02,17.47,17.93,17.49,0.4400000000000013,2.52,36283.68,65379.2
300753.SZ,2023-11-09,17.89,19.11,17.81,17.97,17.93,0.03999999999999915,0.22,68723.61,126573.442
300753.SZ,2023-11-10,18.27,18.54,17.66,17.93,17.97,-0.03999999999999915,-0.22,55193.8,99996.627
300753.SZ,2023-11-13,17.55,18.16,17.55,18.03,17.93,0.10000000000000142,0.56,38652.2,69854.056
300753.SZ,2023-11-14,17.99,18.21,17.74,17.92,18.03,-0.10999999999999943,-0.61,22930.0,41398.947
300753.SZ,2023-11-15,17.84,18.16,17.82,17.86,17.92,-0.060000000000002274,-0.33,23536.8,42595.207
300753.SZ,2023-11-16,17.86,17.94,17.62,17.65,17.86,-0.21000000000000085,-1.18,19766.0,35324.749
300753.SZ,2023-11-17,17.7,17.91,17.57,17.89,17.65,0.240000000000002,1.36,16837.0,30131.078
300753.SZ,2023-11-20,17.95,18.31,17.85,18.27,17.89,0.379999999999999,2.12,28954.2,52852.786
300753.SZ,2023-11-21,18.27,18.56,18.14,18.31,18.27,0.03999999999999915,0.22,30974.0,57288.454
300753.SZ,2023-11-22,18.18,18.48,18.07,18.12,18.31,-0.18999999999999773,-1.04,21243.56,39059.976
300753.SZ,2023-11-23,18.08,18.4,17.98,18.33,18.12,0.2099999999999973,1.16,19146.0,35244.569
300753.SZ,2023-11-24,18.31,18.66,18.14,18.3,18.33,-0.029999999999997584,-0.16,25125.06,46385.745
300753.SZ,2023-11-27,18.26,18.34,17.94,18.01,18.3,-0.28999999999999915,-1.58,27644.0,50410.568
300753.SZ,2023-11-28,17.95,18.42,17.79,18.28,18.01,0.2699999999999996,1.5,23407.56,42925.332
300753.SZ,2023-11-29,18.27,18.46,17.97,18.11,18.28,-0.1700000000000017,-0.93,16038.0,29363.528
300753.SZ,2023-11-30,18.01,18.31,17.89,18.1,18.11,-0.00999999999999801,-0.06,16897.55,30734.416
300753.SZ,2023-12-01,18.07,18.34,17.96,18.19,18.1,0.08999999999999986,0.5,27343.08,50108.976
300753.SZ,2023-12-04,18.15,18.22,17.9,17.93,18.19,-0.26000000000000156,-1.43,20279.12,36849.614
300753.SZ,2023-12-05,17.9,18.14,17.67,17.67,17.93,-0.259999999999998,-1.45,17969.12,32365.424
300753.SZ,2023-12-06,17.66,18.01,17.55,17.76,17.67,0.08999999999999986,0.51,19793.57,35422.773
300753.SZ,2023-12-07,17.92,17.96,17.55,17.61,17.76,-0.15000000000000213,-0.84,15299.69,27273.271
300753.SZ,2023-12-08,17.71,17.77,17.27,17.35,17.61,-0.259999999999998,-1.48,19892.16,35153.231
300753.SZ,2023-12-11,17.13,17.55,17.02,17.43,17.35,0.0799999999999983,0.46,25940.0,45318.284
300753.SZ,2023-12-12,17.7,17.7,17.23,17.4,17.43,-0.030000000000001137,-0.17,16036.09,28104.989
300753.SZ,2023-12-13,17.4,17.74,17.27,17.47,17.4,0.07000000000000028,0.4,17743.5,31410.397
300753.SZ,2023-12-14,17.53,17.83,17.39,17.45,17.47,-0.019999999999999574,-0.11,19964.06,35333.847
300753.SZ,2023-12-15,17.46,17.55,17.15,17.25,17.45,-0.1999999999999993,-1.15,13174.28,22921.084
300753.SZ,2023-12-18,17.27,17.53,16.99,17.05,17.25,-0.1999999999999993,-1.16,19014.03,33041.393
300753.SZ,2023-12-19,17.02,17.28,16.91,17.17,17.05,0.120000000000001,0.7,16503.64,28390.226
300753.SZ,2023-12-20,17.17,17.53,17.04,17.08,17.17,-0.09000000000000341,-0.52,15354.0,26677.198
300753.SZ,2023-12-21,17.21,17.21,16.67,17.08,17.08,0.0,0.0,14681.8,24997.354
300753.SZ,2023-12-22,17.08,17.16,16.53,16.62,17.08,-0.4599999999999973,-2.69,18327.69,30942.528
300753.SZ,2023-12-25,16.57,16.89,16.35,16.6,16.62,-0.019999999999999574,-0.12,16564.4,27626.497
300753.SZ,2023-12-26,16.8,16.8,16.22,16.32,16.6,-0.28000000000000114,-1.69,19541.09,32226.005
300753.SZ,2023-12-27,16.36,16.69,16.19,16.44,16.32,0.120000000000001,0.74,14440.0,23822.261
300753.SZ,2023-12-28,16.44,16.99,16.16,16.89,16.44,0.4499999999999993,2.74,18601.8,31295.67
300753.SZ,2023-12-29,16.95,17.12,16.77,17.04,16.89,0.14999999999999858,0.89,15824.0,27085.017
300753.SZ,2024-01-02,17.08,17.61,16.97,17.44,17.04,0.40000000000000213,2.35,31605.0,55250.707
300753.SZ,2024-01-03,17.37,17.73,17.34,17.55,17.44,0.10999999999999943,0.63,21346.8,37743.256
300753.SZ,2024-01-04,17.71,17.71,17.28,17.52,17.55,-0.030000000000001137,-0.17,14452.2,25422.645
300753.SZ,2024-01-05,17.47,17.63,17.04,17.15,17.52,-0.370000000000001,-2.11,12323.3,21527.786
300753.SZ,2024-01-08,17.27,17.27,16.74,16.74,17.15,-0.41000000000000014,-2.39,13641.48,23296.596
300753.SZ,2024-01-09,16.91,17.15,16.69,16.88,16.74,0.14000000000000057,0.84,18638.0,31703.557
300753.SZ,2024-01-10,17.0,17.0,16.48,16.61,16.88,-0.2699999999999996,-1.6,17980.68,30229.902
300753.SZ,2024-01-11,16.62,16.96,16.49,16.79,16.61,0.17999999999999972,1.08,16001.6,27008.637
300753.SZ,2024-01-12,17.02,17.02,16.48,16.53,16.79,-0.259999999999998,-1.55,13287.0,22380.309
300753.SZ,2024-01-15,16.49,16.76,16.36,16.55,16.53,0.019999999999999574,0.12,18884.0,31560.068
300753.SZ,2024-01-16,16.06,16.87,16.06,16.37,16.55,-0.17999999999999972,-1.09,16794.0,27730.31
300753.SZ,2024-01-17,16.46,16.55,15.97,15.97,16.37,-0.40000000000000036,-2.44,18106.0,29742.95
300753.SZ,2024-01-18,15.97,16.08,15.24,15.66,15.97,-0.3100000000000005,-1.94,23995.4,37603.426
300753.SZ,2024-01-19,15.69,16.07,15.26,15.34,15.66,-0.3200000000000003,-2.04,19886.3,30970.317
300753.SZ,2024-01-22,15.36,15.48,14.27,14.41,15.34,-0.9299999999999997,-6.06,28162.2,42232.339
300753.SZ,2024-01-23,14.1,14.39,13.61,13.78,14.41,-0.6300000000000008,-4.37,40569.98,56395.506
300753.SZ,2024-01-24,13.83,14.21,13.34,13.98,13.78,0.20000000000000107,1.45,28402.8,39489.132
300753.SZ,2024-01-25,13.93,14.82,13.82,14.77,13.98,0.7899999999999991,5.65,25073.2,36376.321
300753.SZ,2024-01-26,14.82,15.19,14.62,14.86,14.77,0.08999999999999986,0.61,26476.0,39906.575
300753.SZ,2024-01-29,14.94,15.05,14.07,14.14,14.86,-0.7199999999999989,-4.85,25475.0,36844.193
300753.SZ,2024-01-30,14.55,14.89,13.7,13.78,14.14,-0.3600000000000012,-2.55,30873.8,43841.691
300753.SZ,2024-01-31,13.7,13.76,12.6,12.72,13.78,-1.0599999999999987,-7.69,37486.0,49519.517
300753.SZ,2024-02-01,12.81,12.99,12.09,12.7,12.72,-0.02000000000000135,-0.16,43338.5,54759.402
300753.SZ,2024-02-02,12.42,12.97,11.31,11.72,12.7,-0.9799999999999986,-7.72,52643.35,63951.014
300753.SZ,2024-02-05,11.42,11.53,9.38,9.71,11.72,-2.01,-17.15,77777.91,78434.037
300753.SZ,2024-02-06,9.16,9.85,8.46,9.42,9.71,-0.2900000000000009,-2.99,83621.18,75354.783
300753.SZ,2024-02-07,9.5,9.8,8.14,8.48,9.42,-0.9399999999999995,-9.98,116381.25,100766.757
300753.SZ,2024-02-08,8.52,9.33,7.92,9.22,8.48,0.7400000000000002,8.73,115799.04,100183.694
300753.SZ,2024-02-19,9.35,10.0,9.35,9.96,9.22,0.7400000000000002,8.03,88125.27,86397.935
300753.SZ,2024-02-20,9.95,10.43,9.74,10.21,9.96,0.25,2.51,52576.15,53798.843
300753.SZ,2024-02-21,10.13,11.26,10.05,10.84,10.21,0.629999999999999,6.17,71920.46,77568.875
300753.SZ,2024-02-22,10.67,11.14,10.67,11.12,10.84,0.27999999999999936,2.58,53662.67,59090.447
300753.SZ,2024-02-23,11.13,11.74,11.09,11.71,11.12,0.5900000000000016,5.31,46218.1,53305.62
300753.SZ,2024-02-26,11.71,12.47,11.62,12.05,11.71,0.33999999999999986,2.9,51800.96,62893.115
300753.SZ,2024-02-27,12.01,12.55,11.92,12.55,12.05,0.5,4.15,39849.71,49474.505
300753.SZ,2024-02-28,12.79,13.06,10.85,10.93,12.55,-1.620000000000001,-12.91,82035.09,98773.947
300753.SZ,2024-02-29,10.8,11.48,10.62,11.41,10.93,0.4800000000000004,4.39,70090.94,79066.422
300753.SZ,2024-03-01,11.39,12.4,11.3,11.71,11.41,0.3000000000000007,2.63,55179.74,64461.766
300753.SZ,2024-03-04,11.73,12.15,11.46,11.83,11.71,0.11999999999999922,1.02,64976.32,76989.763
300753.SZ,2024-03-05,11.74,11.75,11.21,11.25,11.83,-0.5800000000000001,-4.9,44370.52,51075.127
300753.SZ,2024-03-06,11.26,11.67,11.2,11.56,11.25,0.3100000000000005,2.76,37201.7,42996.023
300753.SZ,2024-03-07,11.56,11.79,11.33,11.38,11.56,-0.17999999999999972,-1.56,33407.71,38973.062
300753.SZ,2024-03-08,11.38,12.49,11.38,12.0,11.38,0.6199999999999992,5.45,77464.72,92702.058
300753.SZ,2024-03-11,12.34,13.16,12.12,12.42,12.0,0.41999999999999993,3.5,96663.11,122187.542
300753.SZ,2024-03-12,12.51,12.81,12.11,12.39,12.42,-0.02999999999999936,-0.24,73540.8,91662.145
300753.SZ,2024-03-13,12.46,12.61,12.16,12.48,12.39,0.08999999999999986,0.73,66102.38,82674.047
300753.SZ,2024-03-14,12.56,12.79,12.18,12.4,12.48,-0.08000000000000007,-0.64,53164.8,66862.624
300753.SZ,2024-03-15,12.25,12.69,12.22,12.66,12.4,0.2599999999999998,2.1,48941.0,61579.737
300753.SZ,2024-03-18,12.85,13.47,12.73,13.41,12.66,0.75,5.92,73450.95,97348.556
300753.SZ,2024-03-19,13.4,13.41,13.04,13.05,13.41,-0.35999999999999943,-2.68,52344.75,69646.586
300753.SZ,2024-03-20,13.09,13.79,12.86,13.59,13.05,0.5399999999999991,4.14,63983.31,86729.486
300753.SZ,2024-03-21,13.61,14.49,13.5,13.99,13.59,0.40000000000000036,2.94,91412.0,128506.654
300753.SZ,2024-03-22,14.29,14.4,13.29,13.43,13.99,-0.5600000000000005,-4.0,86726.7,120266.648
300753.SZ,2024-03-25,13.32,13.4,12.85,12.89,13.43,-0.5399999999999991,-4.02,68478.64,90715.21
300753.SZ,2024-03-26,12.85,13.09,12.49,12.76,12.89,-0.13000000000000078,-1.01,47487.0,61052.855
300753.SZ,2024-03-27,12.8,13.21,12.55,12.56,12.76,-0.1999999999999993,-1.57,43233.0,56007.675
300753.SZ,2024-03-28,12.5,13.04,12.4,12.83,12.56,0.2699999999999996,2.15,41775.96,53939.454
300753.SZ,2024-03-29,12.93,13.1,12.73,13.09,12.83,0.2599999999999998,2.03,37463.77,48893.118
300753.SZ,2024-04-01,13.1,13.42,13.02,13.38,13.09,0.2900000000000009,2.22,41790.0,55517.613
300753.SZ,2024-04-02,13.34,13.47,13.18,13.26,13.38,-0.120000000000001,-0.9,30106.92,40340.473
300753.SZ,2024-04-03,13.22,13.37,12.75,12.93,13.26,-0.33000000000000007,-2.49,29845.99,39051.95
300753.SZ,2024-04-08,13.0,13.0,12.4,12.44,12.93,-0.4900000000000002,-3.79,39340.28,50248.034
300753.SZ,2024-04-09,12.54,12.98,12.42,12.91,12.44,0.47000000000000064,3.78,28791.0,36879.399
300753.SZ,2024-04-10,12.84,12.87,12.14,12.32,12.91,-0.5899999999999999,-4.57,33835.72,42345.636
300753.SZ,2024-04-11,12.27,12.53,12.12,12.29,12.32,-0.030000000000001137,-0.24,26884.09,33550.227
300753.SZ,2024-04-12,12.25,12.56,12.25,12.26,12.29,-0.02999999999999936,-0.24,19607.69,24444.614
300753.SZ,2024-04-15,12.21,12.36,10.67,11.0,12.26,-1.2599999999999998,-10.28,67670.64,75918.847
300753.SZ,2024-04-16,10.73,10.77,9.64,9.64,11.0,-1.3599999999999994,-12.36,59457.89,59579.423
300753.SZ,2024-04-17,9.89,11.09,9.89,11.09,9.64,1.4499999999999993,15.04,61826.0,66572.262
300753.SZ,2024-04-18,11.05,11.09,10.49,10.51,11.09,-0.5800000000000001,-5.23,49268.8,52889.706
300753.SZ,2024-04-19,10.42,10.71,10.31,10.47,10.51,-0.03999999999999915,-0.38,27839.0,29332.503
300753.SZ,2024-04-22,10.72,11.18,10.54,10.65,10.47,0.17999999999999972,1.72,44537.02,48387.813
300753.SZ,2024-04-23,10.52,10.96,10.42,10.85,10.65,0.1999999999999993,1.88,50293.5,54555.936
300753.SZ,2024-04-24,10.94,11.32,10.86,11.21,10.85,0.3600000000000012,3.32,38988.09,43729.177
300753.SZ,2024-04-25,11.21,11.61,11.16,11.56,11.21,0.34999999999999964,3.12,36999.79,42780.047
300753.SZ,2024-04-26,11.41,12.32,11.08,11.71,11.56,0.15000000000000036,1.3,72613.99,85666.936
300753.SZ,2024-04-29,11.6,12.01,11.58,11.97,11.71,0.2599999999999998,2.22,55479.87,66044.595
300753.SZ,2024-04-30,11.92,12.05,11.74,12.05,11.97,0.08000000000000007,0.67,42290.11,50834.511
300753.SZ,2024-05-06,11.97,12.3,11.97,12.19,12.05,0.1399999999999988,1.16,39888.4,48746.992
300753.SZ,2024-05-07,12.6,12.96,12.41,12.72,12.19,0.5300000000000011,4.35,77167.95,98349.064
300753.SZ,2024-05-08,12.81,13.48,12.44,13.39,12.72,0.6699999999999999,5.27,120702.0,157707.505
300753.SZ,2024-05-09,13.22,15.88,12.82,14.19,13.39,0.7999999999999989,5.97,220149.96,314692.196
300753.SZ,2024-05-10,13.87,13.87,12.68,12.75,14.19,-1.4399999999999995,-10.15,165153.28,218697.246
300753.SZ,2024-05-13,12.36,12.7,11.94,12.05,12.75,-0.6999999999999993,-5.49,95423.52,118178.598
300753.SZ,2024-05-14,12.19,12.37,11.97,12.23,12.05,0.17999999999999972,1.49,54946.19,67421.176
300753.SZ,2024-05-15,12.07,12.42,11.81,12.16,12.23,-0.07000000000000028,-0.57,43814.63,53672.777
300753.SZ,2024-05-16,12.28,12.44,12.15,12.28,12.16,0.11999999999999922,0.99,41178.07,51175.828
300753.SZ,2024-05-17,12.26,12.5,12.24,12.45,12.28,0.16999999999999993,1.38,36927.39,46093.302
300753.SZ,2024-05-20,12.43,12.66,12.39,12.61,12.45,0.16000000000000014,1.29,38525.74,48689.805
300753.SZ,2024-05-21,12.54,12.59,12.31,12.4,12.61,-0.20999999999999908,-1.67,28636.6,35857.718
300753.SZ,2024-05-22,12.92,13.19,12.47,12.55,12.4,0.15000000000000036,1.21,55945.94,71870.144
300753.SZ,2024-05-23,12.22,12.49,12.02,12.09,12.55,-0.46000000000000085,-3.67,49174.93,60381.844
300753.SZ,2024-05-24,12.16,12.2,11.9,11.9,12.09,-0.1899999999999995,-1.57,26506.8,32073.544
300753.SZ,2024-05-27,11.96,12.0,11.65,11.94,11.9,0.03999999999999915,0.34,24078.18,28597.599
300753.SZ,2024-05-28,11.86,11.96,11.71,11.76,11.94,-0.17999999999999972,-1.51,19035.08,22669.483
300753.SZ,2024-05-29,11.68,11.97,11.68,11.87,11.76,0.10999999999999943,0.94,20088.56,24047.596
300753.SZ,2024-05-30,11.74,12.1,11.66,11.67,11.87,-0.1999999999999993,-1.68,19280.98,22912.452
300753.SZ,2024-05-31,11.69,11.88,11.69,11.86,11.67,0.1899999999999995,1.63,18203.0,21621.855
300753.SZ,2024-06-03,12.03,12.03,11.32,11.47,11.86,-0.3899999999999988,-3.29,26948.03,31351.378
300753.SZ,2024-06-04,11.34,11.45,11.02,11.17,11.47,-0.3000000000000007,-2.62,29964.0,33483.02
300753.SZ,2024-06-05,11.21,11.21,10.89,10.91,11.17,-0.2599999999999998,-2.33,21385.3,23670.163
300753.SZ,2024-06-06,10.87,10.97,10.03,10.14,10.91,-0.7699999999999996,-7.06,43196.54,44697.098
300753.SZ,2024-06-07,10.32,10.7,10.27,10.67,10.14,0.5299999999999994,5.23,35132.61,37138.021
300753.SZ,2024-06-11,10.52,10.69,10.3,10.66,10.67,-0.009999999999999787,-0.09,24096.0,25353.259
300753.SZ,2024-06-12,10.65,11.04,10.62,10.92,10.66,0.2599999999999998,2.44,29428.97,32150.611
300753.SZ,2024-06-13,10.92,11.04,10.77,10.82,10.92,-0.09999999999999964,-0.92,21925.91,23952.985
300753.SZ,2024-06-14,10.85,10.87,10.6,10.82,10.82,0.0,0.0,16213.99,17523.484
300753.SZ,2024-06-17,10.82,11.06,10.62,10.67,10.82,-0.15000000000000036,-1.39,23822.69,25786.301
300753.SZ,2024-06-18,10.65,10.96,10.58,10.92,10.67,0.25,2.34,21690.26,23558.855
300753.SZ,2024-06-19,10.94,11.19,10.83,10.94,10.92,0.019999999999999574,0.18,25433.0,28032.961
300753.SZ,2024-06-20,11.09,11.63,10.77,10.82,10.94,-0.11999999999999922,-1.1,63746.2,71833.009
300753.SZ,2024-06-21,10.61,11.58,10.4,11.13,10.82,0.3100000000000005,2.87,62448.16,69298.287
300753.SZ,2024-06-24,10.97,11.07,10.35,10.38,11.13,-0.75,-6.74,48455.11,51541.668
300753.SZ,2024-06-25,10.39,10.77,10.37,10.42,10.38,0.03999999999999915,0.39,26816.44,28249.402
300753.SZ,2024-06-26,10.44,10.93,10.27,10.9,10.42,0.4800000000000004,4.61,31158.75,33301.355
300753.SZ,2024-06-27,10.95,11.11,10.78,10.81,10.9,-0.08999999999999986,-0.83,32153.56,35346.543
300753.SZ,2024-06-28,10.75,11.15,10.67,10.92,10.81,0.10999999999999943,1.02,27729.47,30583.404
300753.SZ,2024-07-01,10.93,11.27,10.93,11.19,10.92,0.2699999999999996,2.47,32399.98,36129.369
300753.SZ,2024-07-02,12.07,12.88,11.54,11.59,11.19,0.40000000000000036,3.57,114285.53,140148.274
300753.SZ,2024-07-03,11.37,11.67,10.96,10.96,11.59,-0.629999999999999,-5.44,83562.84,93766.224
300753.SZ,2024-07-04,10.83,10.87,10.45,10.48,10.96,-0.4800000000000004,-4.38,53403.78,56880.399
300753.SZ,2024-07-05,10.49,10.93,10.25,10.9,10.48,0.41999999999999993,4.01,45220.36,48568.707
300753.SZ,2024-07-08,10.93,11.06,10.39,10.48,10.9,-0.41999999999999993,-3.85,34733.0,36900.499
300753.SZ,2024-07-09,10.49,10.71,10.13,10.62,10.48,0.1399999999999988,1.34,35444.88,37236.427
300753.SZ,2024-07-10,10.59,10.74,10.44,10.48,10.62,-0.1399999999999988,-1.32,26606.36,28225.745
300753.SZ,2024-07-11,10.74,11.02,10.67,11.01,10.48,0.5299999999999994,5.06,41144.36,44840.532
300753.SZ,2024-07-12,11.12,11.24,10.86,10.97,11.01,-0.03999999999999915,-0.36,32782.94,36301.968
300753.SZ,2024-07-15,10.97,11.06,10.67,10.81,10.97,-0.16000000000000014,-1.46,23508.76,25528.311
300753.SZ,2024-07-16,10.81,10.93,10.67,10.78,10.81,-0.030000000000001137,-0.28,18183.0,19627.206
300753.SZ,2024-07-17,10.77,11.01,10.5,10.52,10.78,-0.2599999999999998,-2.41,28262.99,30187.283
300753.SZ,2024-07-18,10.43,10.5,10.08,10.46,10.52,-0.05999999999999872,-0.57,26236.2,27045.99
300753.SZ,2024-07-19,10.42,10.72,10.29,10.55,10.46,0.08999999999999986,0.86,26688.09,28154.139
300753.SZ,2024-07-22,10.53,10.73,10.37,10.66,10.55,0.10999999999999943,1.04,23397.06,24887.623
300753.SZ,2024-07-23,10.7,10.91,10.55,10.59,10.66,-0.07000000000000028,-0.66,36481.0,39185.933
300753.SZ,2024-07-24,10.44,10.6,10.27,10.32,10.59,-0.2699999999999996,-2.55,25607.2,26689.757
300753.SZ,2024-07-25,10.38,10.48,10.16,10.31,10.32,-0.009999999999999787,-0.1,22129.99,22952.442
300753.SZ,2024-07-26,10.31,10.56,10.3,10.44,10.31,0.129999999999999,1.26,20169.21,21039.23
300753.SZ,2024-07-29,10.48,10.94,10.48,10.75,10.44,0.3100000000000005,2.97,42463.07,45794.701
300753.SZ,2024-07-30,10.67,10.9,10.58,10.78,10.75,0.02999999999999936,0.28,28393.21,30700.113
300753.SZ,2024-07-31,10.78,11.15,10.73,11.14,10.78,0.3600000000000012,3.34,33957.79,37470.166
300753.SZ,2024-08-01,11.11,11.27,11.07,11.17,11.14,0.02999999999999936,0.27,24243.91,27173.924
300753.SZ,2024-08-02,11.14,11.4,11.03,11.13,11.17,-0.03999999999999915,-0.36,39083.98,44110.144
300753.SZ,2024-08-05,10.97,11.3,10.82,10.84,11.13,-0.2900000000000009,-2.61,37381.99,41467.152
300753.SZ,2024-08-06,11.01,11.25,10.89,11.23,10.84,0.39000000000000057,3.6,33431.15,37168.119
300753.SZ,2024-08-07,11.27,11.32,11.13,11.23,11.23,0.0,0.0,24838.99,27992.782
300753.SZ,2024-08-08,11.2,11.47,11.14,11.26,11.23,0.02999999999999936,0.27,24350.0,27639.499
300753.SZ,2024-08-09,11.39,11.87,11.3,11.44,11.26,0.17999999999999972,1.6,64777.99,75075.467
300753.SZ,2024-08-12,11.44,11.64,11.29,11.4,11.44,-0.03999999999999915,-0.35,44408.59,51146.809
300753.SZ,2024-08-13,11.32,11.35,11.1,11.35,11.4,-0.05000000000000071,-0.44,28320.17,31921.349
300753.SZ,2024-08-14,11.37,11.77,11.27,11.7,11.35,0.34999999999999964,3.08,42142.55,48829.331
300753.SZ,2024-08-15,11.71,12.25,11.7,11.82,11.7,0.120000000000001,1.03,68206.92,81656.15
300753.SZ,2024-08-16,11.81,12.22,11.47,12.06,11.82,0.2400000000000002,2.03,61365.12,73266.421
300753.SZ,2024-08-19,11.98,12.17,11.75,11.82,12.06,-0.2400000000000002,-1.99,40817.36,48566.62
300753.SZ,2024-08-20,11.73,11.92,11.48,11.59,11.82,-0.23000000000000043,-1.95,35543.56,41654.71
300753.SZ,2024-08-21,11.47,11.68,11.4,11.58,11.59,-0.009999999999999787,-0.09,21076.6,24458.977
300753.SZ,2024-08-22,11.71,11.86,11.37,11.42,11.58,-0.16000000000000014,-1.38,21689.0,25187.881
300753.SZ,2024-08-23,11.44,11.48,11.01,11.17,11.42,-0.25,-2.19,25023.2,28075.613
300753.SZ,2024-08-26,11.18,11.37,10.94,11.33,11.17,0.16000000000000014,1.43,21745.59,24493.82
300753.SZ,2024-08-27,11.35,11.65,11.19,11.32,11.33,-0.009999999999999787,-0.09,29970.36,34354.688
300753.SZ,2024-08-28,11.32,11.99,11.07,11.78,11.32,0.4599999999999991,4.06,52744.36,61585.224
300753.SZ,2024-08-29,11.64,12.26,11.47,12.24,11.78,0.46000000000000085,3.9,80265.67,96401.583
300753.SZ,2024-08-30,12.24,12.32,11.99,12.1,12.24,-0.14000000000000057,-1.14,70800.65,86417.63
300753.SZ,2024-09-02,12.1,12.3,11.82,11.84,12.1,-0.2599999999999998,-2.15,38946.0,46975.645
300753.SZ,2024-09-03,11.82,11.93,11.64,11.76,11.84,-0.08000000000000007,-0.68,31888.0,37583.624
300753.SZ,2024-09-04,11.73,11.8,11.52,11.57,11.76,-0.1899999999999995,-1.62,23534.0,27511.455
300753.SZ,2024-09-05,11.59,11.91,11.57,11.86,11.57,0.28999999999999915,2.51,28553.0,33681.443
300753.SZ,2024-09-06,11.88,11.93,11.22,11.26,11.86,-0.5999999999999996,-5.06,30313.0,34864.811
300753.SZ,2024-09-09,11.35,11.87,11.27,11.58,11.26,0.3200000000000003,2.84,40697.98,47506.881
300753.SZ,2024-09-10,11.59,11.82,11.42,11.65,11.58,0.07000000000000028,0.6,27801.52,32271.22
300753.SZ,2024-09-11,11.53,11.95,11.52,11.54,11.65,-0.11000000000000121,-0.94,25628.0,29982.617
300753.SZ,2024-09-12,11.52,11.82,11.39,11.43,11.54,-0.10999999999999943,-0.95,22907.99,26653.572
300753.SZ,2024-09-13,11.52,11.52,11.12,11.15,11.43,-0.27999999999999936,-2.45,21520.0,24308.209
300753.SZ,2024-09-18,11.22,11.27,10.68,10.93,11.15,-0.22000000000000064,-1.97,25611.0,27948.049
300753.SZ,2024-09-19,11.05,11.25,10.9,11.22,10.93,0.2900000000000009,2.65,21043.98,23443.186
300753.SZ,2024-09-20,11.31,11.31,10.89,10.98,11.22,-0.2400000000000002,-2.14,19514.0,21639.978
300753.SZ,2024-09-23,11.06,11.14,10.85,11.03,10.98,0.049999999999998934,0.46,19705.19,21784.6
300753.SZ,2024-09-24,11.03,11.33,10.85,11.31,11.03,0.28000000000000114,2.54,31021.98,34649.558
300753.SZ,2024-09-25,11.45,11.63,11.37,11.54,11.31,0.22999999999999865,2.03,32656.18,37739.762
300753.SZ,2024-09-26,11.48,11.8,11.4,11.8,11.54,0.26000000000000156,2.25,32593.0,37929.2
300753.SZ,2024-09-27,11.96,12.61,11.86,12.32,11.8,0.5199999999999996,4.41,50260.73,61548.751
300753.SZ,2024-09-30,12.75,14.11,12.54,13.91,12.32,1.5899999999999999,12.91,91489.42,121697.579
300753.SZ,2024-10-08,16.54,16.66,14.01,15.6,13.91,1.6899999999999995,12.15,111883.74,171314.367
300753.SZ,2024-10-09,14.77,14.96,13.26,13.33,15.6,-2.2699999999999996,-14.55,80898.76,114195.836
300753.SZ,2024-10-10,13.47,14.41,13.47,13.72,13.33,0.39000000000000057,2.93,66556.57,93139.886
300753.SZ,2024-10-11,13.66,13.69,12.82,12.97,13.72,-0.75,-5.47,47058.8,62329.821
300753.SZ,2024-10-14,12.99,14.64,12.71,14.4,12.97,1.4299999999999997,11.03,82004.45,113218.272
300753.SZ,2024-10-15,14.29,14.92,14.0,14.05,14.4,-0.34999999999999964,-2.43,77467.28,111871.943
300753.SZ,2024-10-16,13.87,14.84,13.87,14.43,14.05,0.379999999999999,2.7,86053.97,124971.806
300753.SZ,2024-10-17,14.46,14.76,14.14,14.25,14.43,-0.17999999999999972,-1.25,70063.49,101578.019
300753.SZ,2024-10-18,14.25,14.78,13.99,14.56,14.25,0.3100000000000005,2.18,63902.12,92321.706
300753.SZ,2024-10-21,14.46,15.39,14.46,15.13,14.56,0.5700000000000003,3.91,76457.02,114522.554
300753.SZ,2024-10-22,15.01,15.77,14.96,15.46,15.13,0.33000000000000007,2.18,74988.8,115196.97
300753.SZ,2024-10-23,15.41,15.95,14.9,14.98,15.46,-0.4800000000000004,-3.1,65835.4,100734.62
300753.SZ,2024-10-24,14.86,15.14,14.76,14.82,14.98,-0.16000000000000014,-1.07,36937.55,55394.3
300753.SZ,2024-10-25,14.81,15.06,14.76,14.76,14.82,-0.0600000000000005,-0.4,37681.7,56242.889
300753.SZ,2024-10-28,14.97,15.21,14.46,15.08,14.76,0.3200000000000003,2.17,47854.63,71775.839
300753.SZ,2024-10-29,15.65,15.72,14.83,15.04,15.08,-0.040000000000000924,-0.27,76001.01,116486.348
300753.SZ,2024-10-30,14.67,14.86,13.88,14.21,15.04,-0.8299999999999983,-5.52,80344.54,115464.858
300753.SZ,2024-10-31,14.18,14.3,13.92,14.02,14.21,-0.19000000000000128,-1.34,50045.53,70618.562
300753.SZ,2024-11-01,13.88,14.44,13.43,13.58,14.02,-0.4399999999999995,-3.14,56637.15,77934.377
300753.SZ,2024-11-04,13.46,14.37,13.45,14.14,13.58,0.5600000000000005,4.12,44147.3,61887.962
300753.SZ,2024-11-05,14.14,14.23,13.94,14.18,14.14,0.03999999999999915,0.28,50923.79,72005.742
300753.SZ,2024-11-06,14.27,14.96,14.21,14.66,14.18,0.4800000000000004,3.39,85247.65,124429.327
300753.SZ,2024-11-07,14.73,15.72,14.73,15.28,14.66,0.6199999999999992,4.23,72529.2,110694.289
300753.SZ,2024-11-08,15.26,15.79,15.16,15.37,15.28,0.08999999999999986,0.59,72952.7,113077.403
300753.SZ,2024-11-11,15.23,16.41,15.16,16.21,15.37,0.8400000000000016,5.47,92479.31,148339.821
300753.SZ,2024-11-12,16.13,17.31,15.94,16.16,16.21,-0.05000000000000071,-0.31,122736.38,204398.162
300753.SZ,2024-11-13,16.04,16.45,15.51,16.15,16.16,-0.010000000000001563,-0.06,69472.03,111051.188
300753.SZ,2024-11-14,16.15,16.25,15.26,15.31,16.15,-0.8399999999999981,-5.2,46970.84,73625.873
300753.SZ,2024-11-15,15.36,15.54,14.86,14.96,15.31,-0.34999999999999964,-2.29,40082.57,61219.6
300753.SZ,2024-11-18,14.96,15.18,13.96,14.1,14.96,-0.8600000000000012,-5.75,46394.97,66418.559
300753.SZ,2024-11-19,14.18,14.46,13.97,14.43,14.1,0.33000000000000007,2.34,34821.78,49643.496
300753.SZ,2024-11-20,14.49,14.72,14.31,14.63,14.43,0.20000000000000107,1.39,33851.89,49428.828
300753.SZ,2024-11-21,14.62,14.73,14.28,14.58,14.63,-0.05000000000000071,-0.34,28248.39,41176.968
300753.SZ,2024-11-22,14.57,14.58,13.64,13.69,14.58,-0.8900000000000006,-6.1,47526.8,67425.94
300753.SZ,2024-11-25,13.79,14.54,13.77,14.46,13.69,0.7700000000000014,5.62,47812.37,67586.224
300753.SZ,2024-11-26,14.46,15.14,14.31,14.6,14.46,0.1399999999999988,0.97,59125.36,86982.389
300753.SZ,2024-11-27,14.55,14.55,13.81,14.4,14.6,-0.1999999999999993,-1.37,42993.99,60806.199
300753.SZ,2024-11-28,14.32,14.66,14.24,14.42,14.4,0.019999999999999574,0.14,33322.96,48345.653
300753.SZ,2024-11-29,14.46,14.69,14.22,14.62,14.42,0.1999999999999993,1.39,34450.46,50104.994
300753.SZ,2024-12-02,14.75,15.15,14.75,15.12,14.62,0.5,3.42,44659.09,67039.049
300753.SZ,2024-12-03,15.13,15.23,14.79,15.03,15.12,-0.08999999999999986,-0.6,28257.26,42477.087
300753.SZ,2024-12-04,15.02,15.39,14.74,14.88,15.03,-0.14999999999999858,-1.0,32896.71,49574.142
300753.SZ,2024-12-05,14.89,17.85,14.8,17.85,14.88,2.9700000000000006,19.96,170548.05,296379.75
300753.SZ,2024-12-06,17.47,17.84,16.31,16.32,17.85,-1.5300000000000011,-8.57,229497.91,383885.202
300753.SZ,2024-12-09,16.36,16.84,16.07,16.66,16.32,0.33999999999999986,2.08,165499.52,273379.591
300753.SZ,2024-12-10,16.95,18.31,16.54,17.56,16.66,0.8999999999999986,5.4,207463.96,359841.018
300753.SZ,2024-12-11,17.06,17.6,16.62,17.34,17.56,-0.21999999999999886,-1.25,143035.16,244777.387
300753.SZ,2024-12-12,17.21,18.94,16.94,17.51,17.34,0.1700000000000017,0.98,183211.3,325585.966
300753.SZ,2024-12-13,17.34,18.08,17.25,17.37,17.51,-0.14000000000000057,-0.8,131421.77,232328.163
300753.SZ,2024-12-16,17.31,18.61,17.14,17.96,17.37,0.5899999999999999,3.4,128395.4,228559.383
300753.SZ,2024-12-17,17.65,17.65,16.26,16.79,17.96,-1.1700000000000017,-6.51,112317.01,189180.586
300753.SZ,2024-12-18,16.95,20.15,16.38,20.15,16.79,3.3599999999999994,20.01,141268.5,271904.094
300753.SZ,2024-12-19,22.93,24.15,20.97,21.08,20.15,0.9299999999999997,4.62,412421.19,937210.257
300753.SZ,2024-12-20,20.68,22.43,19.45,21.65,21.08,0.5700000000000003,2.7,324136.6,680363.021
300753.SZ,2024-12-23,20.35,20.91,18.71,18.78,21.65,-2.8699999999999974,-13.26,231797.86,451612.537
300753.SZ,2024-12-24,18.83,19.09,17.72,18.41,18.78,-0.370000000000001,-1.97,152442.82,278448.046
300753.SZ,2024-12-25,19.65,21.59,18.97,19.03,18.41,0.620000000000001,3.37,259584.1,527381.914
300753.SZ,2024-12-26,18.67,20.77,18.2,20.31,19.03,1.2799999999999976,6.73,231663.15,454791.968
300753.SZ,2024-12-27,19.76,20.94,19.45,20.57,20.31,0.26000000000000156,1.28,227218.86,457822.138
300753.SZ,2024-12-30,19.46,19.82,18.62,18.75,20.57,-1.8200000000000003,-8.85,154387.29,295794.076
300753.SZ,2024-12-31,18.95,19.41,17.37,17.58,18.75,-1.1700000000000017,-6.24,128037.84,237617.932
300753.SZ,2025-01-02,17.94,18.43,17.55,17.91,17.58,0.33000000000000185,1.88,112311.3,202100.32
300753.SZ,2025-01-03,18.04,18.45,16.79,16.84,17.91,-1.0700000000000003,-5.97,111858.09,198266.473
300753.SZ,2025-01-06,16.76,19.61,16.76,18.25,16.84,1.4100000000000001,8.37,175364.82,320134.775
300753.SZ,2025-01-07,17.95,18.87,17.72,18.59,18.25,0.33999999999999986,1.86,145245.69,265125.131
300753.SZ,2025-01-08,18.97,20.43,18.9,19.22,18.59,0.629999999999999,3.39,208453.17,410797.695
300753.SZ,2025-01-09,19.24,19.89,18.45,19.75,19.22,0.5300000000000011,2.76,178009.11,345090.77
300753.SZ,2025-01-10,19.56,19.94,18.09,18.09,19.75,-1.6600000000000001,-8.41,153968.68,292398.405
300753.SZ,2025-01-13,18.35,20.79,18.35,19.59,18.09,1.5,8.29,171505.32,336766.795
300753.SZ,2025-01-14,19.1,21.16,19.1,20.92,19.59,1.3300000000000018,6.79,198030.58,400765.988
300753.SZ,2025-01-15,20.35,21.62,20.19,20.51,20.92,-0.41000000000000014,-1.96,187023.59,391154.991
300753.SZ,2025-01-16,20.59,20.73,19.59,20.01,20.51,-0.5,-2.44,126539.47,255823.682
300753.SZ,2025-01-17,19.7,19.98,19.34,19.46,20.01,-0.5500000000000007,-2.75,92427.7,181648.534
300753.SZ,2025-01-20,19.65,19.71,19.05,19.47,19.46,0.00999999999999801,0.05,83726.82,162832.515
300753.SZ,2025-01-21,19.46,19.61,18.36,19.07,19.47,-0.3999999999999986,-2.05,112048.39,212674.718
300753.SZ,2025-01-22,18.88,19.59,18.35,19.4,19.07,0.3299999999999983,1.73,93400.25,179138.847
300753.SZ,2025-01-23,19.69,19.91,18.58,18.61,19.4,-0.7899999999999991,-4.07,87387.44,169026.615
300753.SZ,2025-01-24,18.56,18.91,18.21,18.77,18.61,0.16000000000000014,0.86,66787.87,124171.66
300753.SZ,2025-01-27,18.66,19.36,17.9,17.94,18.77,-0.8299999999999983,-4.42,53853.84,99395.741
300753.SZ,2025-02-05,18.25,19.03,18.02,18.85,17.94,0.9100000000000001,5.07,66708.12,124744.162
300753.SZ,2025-02-06,18.68,19.78,18.55,19.68,18.85,0.8299999999999983,4.4,95186.22,185314.875
300753.SZ,2025-02-07,19.73,19.99,19.28,19.76,19.68,0.08000000000000185,0.41,118305.16,233649.259
300753.SZ,2025-02-10,19.85,22.81,19.65,22.34,19.76,2.5799999999999983,13.06,223469.51,479743.811
300753.SZ,2025-02-11,21.87,22.04,21.23,21.32,22.34,-1.0199999999999996,-4.57,161241.95,348116.517
300753.SZ,2025-02-12,21.2,21.9,20.86,21.33,21.32,0.00999999999999801,0.05,117095.42,250735.548
300753.SZ,2025-02-13,21.08,21.25,20.45,20.52,21.33,-0.8099999999999987,-3.8,93679.0,194107.19
300753.SZ,2025-02-14,20.63,22.35,20.63,21.46,20.52,0.9400000000000013,4.58,140035.7,301512.466
300753.SZ,2025-02-17,21.94,22.35,21.14,21.45,21.46,-0.010000000000001563,-0.05,140930.47,307648.198
300753.SZ,2025-02-18,21.74,22.39,20.24,20.27,21.45,-1.1799999999999997,-5.5,111106.88,236580.514
300753.SZ,2025-02-19,20.54,21.1,20.15,20.88,20.27,0.6099999999999994,3.01,91237.44,189869.546
300753.SZ,2025-02-20,21.03,22.94,21.03,21.67,20.88,0.7900000000000027,3.78,145937.05,318828.306
300753.SZ,2025-02-21,21.56,21.76,20.91,21.64,21.67,-0.030000000000001137,-0.14,116063.96,248175.839
300753.SZ,2025-02-24,21.92,21.94,21.0,21.47,21.64,-0.1700000000000017,-0.79,74411.45,159580.873
300753.SZ,2025-02-25,21.02,22.19,20.71,22.03,21.47,0.5600000000000023,2.61,138463.79,299490.188
300753.SZ,2025-02-26,21.76,22.03,21.14,21.39,22.03,-0.6400000000000006,-2.91,111823.34,239973.968
300753.SZ,2025-02-27,21.44,21.82,20.94,21.36,21.39,-0.030000000000001137,-0.14,81115.42,173586.071
300753.SZ,2025-02-28,21.05,21.24,19.75,19.88,21.36,-1.4800000000000004,-6.93,80831.27,165114.957
300753.SZ,2025-03-03,19.9,20.68,19.56,20.21,19.88,0.33000000000000185,1.66,55748.9,112378.581
300753.SZ,2025-03-04,19.9,21.25,19.85,21.2,20.21,0.9899999999999984,4.9,79972.05,166407.244
300753.SZ,2025-03-05,21.09,21.44,20.74,21.42,21.2,0.22000000000000242,1.04,66708.51,141291.409
300753.SZ,2025-03-06,21.32,22.16,21.32,21.84,21.42,0.41999999999999815,1.96,107441.96,234821.221
300753.SZ,2025-03-07,21.64,22.37,21.29,21.44,21.84,-0.3999999999999986,-1.83,98143.49,213182.836
300753.SZ,2025-03-10,21.88,22.14,20.79,21.05,21.44,-0.39000000000000057,-1.82,75393.97,161236.229
300753.SZ,2025-03-11,20.53,21.94,20.35,20.77,21.05,-0.28000000000000114,-1.33,78130.71,163976.099
300753.SZ,2025-03-12,20.89,22.83,20.57,21.88,20.77,1.1099999999999994,5.34,162161.25,355373.404
300753.SZ,2025-03-13,21.95,23.79,21.88,22.06,21.88,0.17999999999999972,0.82,162979.6,369475.217
300753.SZ,2025-03-14,22.91,23.72,21.74,23.15,22.06,1.0899999999999999,4.94,163186.64,369144.428
300753.SZ,2025-03-17,22.68,23.11,22.34,22.41,23.15,-0.7399999999999984,-3.2,98358.28,222800.25
300753.SZ,2025-03-18,22.41,22.79,21.82,22.48,22.41,0.07000000000000028,0.31,100699.0,224998.597
300753.SZ,2025-03-19,23.21,26.98,23.1,26.05,22.48,3.5700000000000003,15.88,334510.02,868040.957
300753.SZ,2025-03-20,24.93,30.26,24.53,29.42,26.05,3.370000000000001,12.94,381189.09,1051277.174
300753.SZ,2025-03-21,29.96,30.89,26.43,26.83,29.42,-2.5900000000000034,-8.8,288959.38,806857.341
300753.SZ,2025-03-24,26.24,26.73,23.34,24.09,26.83,-2.7399999999999984,-10.21,243361.05,601074.898
300753.SZ,2025-03-25,24.17,24.58,22.97,23.24,24.09,-0.8500000000000014,-3.53,164117.17,386330.404
300753.SZ,2025-03-26,23.09,23.85,23.09,23.32,23.24,0.08000000000000185,0.34,114944.39,270542.592
300753.SZ,2025-03-27,22.97,23.43,22.15,22.82,23.32,-0.5,-2.14,113886.88,259220.97
300753.SZ,2025-03-28,22.78,23.07,21.94,22.01,22.82,-0.8099999999999987,-3.55,88740.88,199771.517
300753.SZ,2025-03-31,21.62,23.54,21.04,22.99,22.01,0.9799999999999969,4.45,146888.08,327395.176
300753.SZ,2025-04-01,23.82,26.23,23.65,24.09,22.99,1.1000000000000014,4.78,221176.16,545192.657
300753.SZ,2025-04-02,24.08,24.89,23.61,24.3,24.09,0.21000000000000085,0.87,151147.23,367185.461
300753.SZ,2025-04-03,24.04,24.83,23.37,23.5,24.3,-0.8000000000000007,-3.29,129274.92,311102.969
300753.SZ,2025-04-07,21.34,22.08,18.8,18.8,23.5,-4.699999999999999,-20.0,149153.91,297153.882
300753.SZ,2025-04-08,19.25,20.2,18.6,19.43,18.8,0.629999999999999,3.35,109335.0,213111.845
300753.SZ,2025-04-09,18.95,20.24,16.84,19.85,19.43,0.4200000000000017,2.16,123543.66,231229.645
300753.SZ,2025-04-10,20.45,21.15,20.43,20.53,19.85,0.6799999999999997,3.43,100163.8,208375.74
300753.SZ,2025-04-11,20.27,21.27,20.11,20.68,20.53,0.14999999999999858,0.73,77891.87,161595.827
300753.SZ,2025-04-14,21.38,21.62,20.77,20.94,20.68,0.26000000000000156,1.26,69437.0,147661.316
300753.SZ,2025-04-15,21.02,21.05,20.47,20.75,20.94,-0.19000000000000128,-0.91,46435.76,96581.615
300753.SZ,2025-04-16,20.67,21.73,20.05,20.47,20.75,-0.28000000000000114,-1.35,94303.81,196356.132
300753.SZ,2025-04-17,20.51,23.03,20.11,21.52,20.47,1.0500000000000007,5.13,161708.51,348976.525
300753.SZ,2025-04-18,22.07,22.54,20.74,21.8,21.52,0.28000000000000114,1.3,173141.04,376431.098
300753.SZ,2025-04-21,21.06,22.08,20.92,21.98,21.8,0.17999999999999972,0.83,123159.15,266778.738
300753.SZ,2025-04-22,21.92,21.97,21.16,21.3,21.98,-0.6799999999999997,-3.09,82261.83,177195.098
300753.SZ,2025-04-23,21.49,21.66,21.25,21.47,21.3,0.16999999999999815,0.8,71485.48,153855.791
300753.SZ,2025-04-24,21.46,21.54,20.72,20.8,21.47,-0.6699999999999982,-3.12,69491.41,146340.868
300753.SZ,2025-04-25,21.07,21.38,20.55,20.59,20.8,-0.21000000000000085,-1.01,61390.46,128502.687
300753.SZ,2025-04-28,20.55,20.6,19.97,20.25,20.59,-0.33999999999999986,-1.65,46839.92,94969.588
300753.SZ,2025-04-29,18.83,19.65,18.46,19.23,20.25,-1.0199999999999996,-5.04,99413.69,189166.663
300753.SZ,2025-04-30,19.25,19.73,19.17,19.46,19.23,0.23000000000000043,1.2,59511.43,116534.915
300753.SZ,2025-05-06,20.61,21.43,20.61,21.15,19.46,1.6899999999999977,8.68,117323.12,246647.791
300753.SZ,2025-05-07,21.55,24.18,21.53,21.77,21.15,0.620000000000001,2.93,225132.63,510155.708
300753.SZ,2025-05-08,21.98,26.13,21.98,24.62,21.77,2.8500000000000014,13.09,339270.81,850866.722
300753.SZ,2025-05-09,23.44,24.07,22.24,22.34,24.62,-2.280000000000001,-9.26,259672.84,597367.815
300753.SZ,2025-05-12,23.53,24.12,22.96,23.56,22.34,1.2199999999999989,5.46,209540.66,493727.63
300753.SZ,2025-05-13,24.09,24.79,23.46,24.4,23.56,0.8399999999999999,3.57,221988.34,536106.453
300753.SZ,2025-05-14,23.96,24.93,23.72,23.91,24.4,-0.48999999999999844,-2.01,165253.11,401145.158
300753.SZ,2025-05-15,23.81,24.03,23.15,23.42,23.91,-0.48999999999999844,-2.05,105771.73,249894.115
300753.SZ,2025-05-16,23.73,23.73,23.07,23.13,23.42,-0.2900000000000027,-1.24,73398.91,171144.901
300753.SZ,2025-05-19,23.33,24.05,23.17,23.86,23.13,0.7300000000000004,3.16,121179.68,286184.567
300753.SZ,2025-05-20,23.55,24.05,22.89,24.05,23.86,0.19000000000000128,0.8,113385.74,265624.935
300753.SZ,2025-05-21,24.72,26.11,24.14,24.14,24.05,0.08999999999999986,0.37,234817.21,590591.285
300753.SZ,2025-05-22,23.72,24.04,22.56,22.7,24.14,-1.4400000000000013,-5.97,151731.11,352034.677
300753.SZ,2025-05-23,22.72,23.25,22.47,22.7,22.7,0.0,0.0,94352.08,215842.789
300753.SZ,2025-05-26,22.52,23.29,22.22,22.93,22.7,0.23000000000000043,1.01,77258.0,176735.865
300753.SZ,2025-05-27,23.03,23.03,22.35,22.62,22.93,-0.3099999999999987,-1.35,63495.07,143845.329
300753.SZ,2025-05-28,22.72,23.15,22.34,22.58,22.62,-0.0400000000000027,-0.18,74772.7,169683.208
300753.SZ,2025-05-29,22.4,23.6,22.4,23.41,22.58,0.8300000000000018,3.68,108061.8,249571.509
300753.SZ,2025-05-30,23.78,27.22,23.54,25.4,23.41,1.9899999999999984,8.5,279458.95,708781.642
300753.SZ,2025-06-03,24.31,27.36,24.31,25.9,25.4,0.5,1.97,230685.38,601028.842
300753.SZ,2025-06-04,25.44,25.93,24.78,25.5,25.9,-0.3999999999999986,-1.54,131263.16,331894.476
300753.SZ,2025-06-05,25.8,25.8,24.7,24.88,25.5,-0.620000000000001,-2.43,99986.56,249799.935
300753.SZ,2025-06-06,25.47,28.36,24.6,26.55,24.88,1.6700000000000017,6.71,230710.73,603459.279
300753.SZ,2025-06-09,25.9,28.88,25.9,28.1,26.55,1.5500000000000007,5.84,252361.53,687549.54
300753.SZ,2025-06-10,27.48,28.26,26.65,27.14,28.1,-0.9600000000000009,-3.42,178767.75,487446.241
300753.SZ,2025-06-11,26.88,27.16,26.25,27.0,27.14,-0.14000000000000057,-0.52,118444.36,315592.389
300753.SZ,2025-06-12,26.73,28.2,26.56,27.49,27.0,0.48999999999999844,1.81,142141.72,390946.849
300753.SZ,2025-06-13,26.7,27.2,25.46,25.57,27.49,-1.9199999999999982,-6.98,126979.66,332587.254
300753.SZ,2025-06-16,26.5,28.95,26.4,27.57,25.57,2.0,7.82,168564.65,462120.07
300753.SZ,2025-06-17,33.08,33.08,33.08,33.08,27.57,5.509999999999998,19.99,149175.58,493472.819
300753.SZ,2025-06-18,33.67,37.81,31.1,31.5,33.08,-1.5799999999999983,-4.78,459092.47,1592970.754
300753.SZ,2025-06-19,30.13,34.3,29.5,32.61,31.5,1.1099999999999994,3.52,378387.91,1229191.025
300753.SZ,2025-06-20,30.82,31.47,28.4,28.49,32.61,-4.120000000000001,-12.63,275711.21,814191.539
300753.SZ,2025-06-23,27.65,29.26,27.65,29.06,28.49,0.5700000000000003,2.0,181998.01,521420.047
300753.SZ,2025-06-24,29.09,30.21,28.51,29.31,29.06,0.25,0.86,184192.98,541280.272
300753.SZ,2025-06-25,29.14,29.94,28.17,29.63,29.31,0.3200000000000003,1.09,194727.79,561148.196
300753.SZ,2025-06-26,29.0,30.26,28.88,29.09,29.63,-0.5399999999999991,-1.82,175473.63,519655.713
300753.SZ,2025-06-27,28.79,29.86,28.32,29.76,29.09,0.6700000000000017,2.3,159765.44,466743.077
300753.SZ,2025-06-30,31.98,34.3,30.41,32.98,29.76,3.2199999999999953,10.82,301069.06,971551.71
300753.SZ,2025-07-01,31.98,38.16,31.9,34.34,32.98,1.3600000000000065,4.12,338655.43,1188506.891
300753.SZ,2025-07-02,32.7,35.04,32.16,32.22,34.34,-2.1200000000000045,-6.17,243516.62,810496.389
300753.SZ,2025-07-03,31.94,32.66,31.23,31.41,32.22,-0.8099999999999987,-2.51,152420.8,484126.534
300753.SZ,2025-07-04,33.52,35.89,32.55,32.66,31.41,1.2499999999999964,3.98,292154.82,988965.731
300753.SZ,2025-07-07,31.54,33.29,31.47,32.11,32.66,-0.5499999999999972,-1.68,185249.48,596264.478
300753.SZ,2025-07-08,31.69,32.8,31.5,32.14,32.11,0.030000000000001137,0.09,148840.13,474789.471
300753.SZ,2025-07-09,32.14,32.33,31.0,31.1,32.14,-1.0399999999999991,-3.24,125752.11,396943.323
300753.SZ,2025-07-10,30.8,31.39,29.9,31.35,31.1,0.25,0.8,116789.84,357773.551
300753.SZ,2025-07-11,31.1,31.35,30.6,30.81,31.35,-0.5400000000000027,-1.72,82236.08,254439.217
300753.SZ,2025-07-14,30.83,30.93,30.33,30.81,30.81,0.0,0.0,65842.43,201654.85
300753.SZ,2025-07-15,31.0,31.39,29.01,30.1,30.81,-0.7099999999999973,-2.3,102295.11,308291.539
300753.SZ,2025-07-16,30.0,30.39,29.75,30.12,30.1,0.019999999999999574,0.07,55619.12,167363.499
300753.SZ,2025-07-17,30.38,30.89,30.05,30.72,30.12,0.5999999999999979,1.99,78529.12,240310.872
300753.SZ,2025-07-18,31.8,32.02,30.6,30.66,30.72,-0.05999999999999872,-0.2,104160.61,326098.715
300753.SZ,2025-07-21,29.45,31.15,29.45,30.41,30.66,-0.25,-0.82,86994.84,263089.296
300753.SZ,2025-07-22,30.33,31.12,29.79,30.99,30.41,0.5799999999999983,1.91,120054.73,366674.844
300753.SZ,2025-07-23,30.38,30.9,29.8,29.82,30.99,-1.1699999999999982,-3.78,86155.41,261430.448
300753.SZ,2025-07-24,30.27,30.35,29.36,29.68,29.82,-0.14000000000000057,-0.47,69455.85,206698.679
300753.SZ,2025-07-25,29.48,29.94,29.05,29.06,29.68,-0.620000000000001,-2.09,65563.96,192484.469
300753.SZ,2025-07-28,29.12,29.6,28.82,29.43,29.06,0.370000000000001,1.27,48989.57,143324.932
300753.SZ,2025-07-29,29.43,29.68,28.96,29.17,29.43,-0.259999999999998,-0.88,52286.02,152673.058
300753.SZ,2025-07-30,29.4,30.18,29.17,29.26,29.17,0.08999999999999986,0.31,84621.65,250937.297
300753.SZ,2025-07-31,29.95,31.98,29.41,31.39,29.26,2.129999999999999,7.28,196108.61,599788.405
300753.SZ,2025-08-01,30.6,31.9,30.47,30.76,31.39,-0.629999999999999,-2.01,128228.33,398428.227
300753.SZ,2025-08-04,30.1,30.7,29.07,30.32,30.76,-0.4400000000000013,-1.43,92735.82,276504.873
300753.SZ,2025-08-05,30.37,33.0,30.36,32.6,30.32,2.280000000000001,7.52,219724.32,703913.206
300753.SZ,2025-08-06,32.09,32.4,31.5,31.61,32.6,-0.990000000000002,-3.04,153459.69,488078.916
300753.SZ,2025-08-07,31.2,35.0,30.88,34.28,31.61,2.6700000000000017,8.45,196335.88,631864.953
300753.SZ,2025-08-08,35.28,40.0,33.51,33.61,34.28,-0.6700000000000017,-1.95,359404.91,1311959.403
300753.SZ,2025-08-11,32.91,35.17,32.54,34.26,33.61,0.6499999999999986,1.93,215768.57,734942.539
300753.SZ,2025-08-12,33.02,36.9,32.79,35.09,34.26,0.8300000000000054,2.42,231237.4,810137.293
300753.SZ,2025-08-13,34.4,35.8,33.8,35.74,35.09,0.6499999999999986,1.85,226579.95,794663.846
300753.SZ,2025-08-14,35.39,37.97,34.38,36.71,35.74,0.9699999999999989,2.71,287480.32,1040825.689
300753.SZ,2025-08-15,36.16,37.4,35.7,35.93,36.71,-0.7800000000000011,-2.12,197327.46,712299.921
300753.SZ,2025-08-18,35.55,36.12,35.0,35.27,35.93,-0.6599999999999966,-1.84,154768.7,546550.848
300753.SZ,2025-08-19,35.29,36.21,34.69,35.42,35.27,0.14999999999999858,0.43,135586.49,481199.585
300753.SZ,2025-08-20,35.22,35.38,33.35,33.87,35.42,-1.5500000000000043,-4.38,132378.59,451022.429
300753.SZ,2025-08-21,33.8,34.13,33.2,33.3,33.87,-0.5700000000000003,-1.68,86591.05,292064.174
300753.SZ,2025-08-22,33.5,34.36,33.09,34.06,33.3,0.7600000000000051,2.28,84588.82,286140.849
300753.SZ,2025-08-25,35.0,37.5,34.4,36.29,34.06,2.229999999999997,6.55,220482.13,790915.799
300753.SZ,2025-08-26,35.44,36.29,34.47,34.54,36.29,-1.75,-4.82,123907.59,434270.945
300753.SZ,2025-08-27,34.79,34.96,33.11,33.13,34.54,-1.4099999999999966,-4.08,106968.12,365970.629
300753.SZ,2025-08-28,32.75,33.48,32.06,33.09,33.13,-0.03999999999999915,-0.12,94532.81,310124.287
300753.SZ,2025-08-29,33.11,33.91,32.83,32.91,33.09,-0.18000000000000682,-0.54,81837.1,273050.473
300753.SZ,2025-09-01,32.5,34.52,32.22,34.42,32.91,1.5100000000000051,4.59,117327.71,396204.006
300753.SZ,2025-09-02,34.11,35.03,33.2,33.22,34.42,-1.2000000000000028,-3.49,98396.13,335289.398
300753.SZ,2025-09-03,33.16,34.19,32.4,32.6,33.22,-0.6199999999999974,-1.87,74627.87,247417.228
300753.SZ,2025-09-04,32.52,34.89,32.5,34.6,32.6,2.0,6.13,169375.68,579049.624
300753.SZ,2025-09-05,34.51,34.55,30.66,33.5,34.6,-1.1000000000000014,-3.18,159956.32,517680.62
300753.SZ,2025-09-08,33.51,33.8,32.05,32.71,33.5,-0.7899999999999991,-2.36,122929.72,402239.149
300753.SZ,2025-09-09,33.0,33.01,30.55,30.77,32.71,-1.9400000000000013,-5.93,114600.96,360233.712
300753.SZ,2025-09-10,30.79,31.4,30.13,30.17,30.77,-0.5999999999999979,-1.95,72317.49,221507.492
300753.SZ,2025-09-11,29.91,30.45,29.11,30.43,30.17,0.259999999999998,0.86,75897.54,225963.398
300753.SZ,2025-09-12,30.5,31.16,30.11,30.89,30.43,0.46000000000000085,1.51,79069.46,242630.659
300753.SZ,2025-09-15,30.62,30.86,30.3,30.51,30.89,-0.379999999999999,-1.23,48541.38,148164.311
300753.SZ,2025-09-16,30.3,31.98,30.25,31.91,30.51,1.3999999999999986,4.59,100480.86,314339.318
300753.SZ,2025-09-17,31.52,31.96,31.16,31.22,31.91,-0.6900000000000013,-2.16,67532.19,212786.487
300753.SZ,2025-09-18,31.04,31.4,29.58,29.92,31.22,-1.2999999999999972,-4.16,85104.74,258850.186
300753.SZ,2025-09-19,29.52,30.09,29.11,29.45,29.92,-0.4700000000000024,-1.57,47051.78,138792.407
300753.SZ,2025-09-22,29.49,29.83,29.13,29.61,29.45,0.16000000000000014,0.54,37525.51,110726.696
300753.SZ,2025-09-23,29.5,29.5,27.74,28.19,29.61,-1.4199999999999982,-4.8,66455.6,188531.434
300753.SZ,2025-09-24,28.0,29.77,27.86,29.56,28.19,1.3699999999999974,4.86,70952.17,203986.269
300753.SZ,2025-09-25,29.0,29.59,28.9,28.9,29.56,-0.6600000000000001,-2.23,51053.98,148607.743
300753.SZ,2025-09-26,28.8,28.8,28.13,28.15,28.9,-0.75,-2.6,31509.78,89543.905
300753.SZ,2025-09-29,28.19,28.71,27.68,28.58,28.15,0.4299999999999997,1.53,32269.98,91194.576
300753.SZ,2025-09-30,28.59,29.57,28.49,29.15,28.58,0.5700000000000003,1.99,47702.96,138924.547
300753.SZ,2025-10-09,29.15,29.99,28.65,29.53,29.15,0.38000000000000256,1.3,54720.15,160285.798
300753.SZ,2025-10-10,29.56,29.78,28.64,28.75,29.53,-0.7800000000000011,-2.64,44517.97,129826.292
300753.SZ,2025-10-13,27.61,29.13,27.0,28.72,28.75,-0.030000000000001137,-0.1,43760.19,124254.559
300753.SZ,2025-10-14,28.74,29.78,27.91,28.18,28.72,-0.5399999999999991,-1.88,54713.97,157877.932
300753.SZ,2025-10-15,28.49,29.58,27.65,28.98,28.18,0.8000000000000007,2.84,71790.84,208389.54
300753.SZ,2025-10-16,28.88,30.61,28.33,30.05,28.98,1.0700000000000003,3.69,123799.96,370240.778
300753.SZ,2025-10-17,29.77,30.31,28.5,28.57,30.05,-1.4800000000000004,-4.93,94423.05,277927.403
300753.SZ,2025-10-20,29.1,30.95,28.96,30.69,28.57,2.120000000000001,7.42,127855.92,387629.794
300753.SZ,2025-10-21,30.4,30.5,29.85,30.17,30.69,-0.5199999999999996,-1.69,79583.79,239215.152
300753.SZ,2025-10-22,29.9,30.64,29.6,29.98,30.17,-0.19000000000000128,-0.63,63063.98,189493.585
300753.SZ,2025-10-23,29.6,29.71,28.17,28.81,29.98,-1.1700000000000017,-3.9,60908.79,175098.961
300753.SZ,2025-10-24,28.68,30.49,28.51,29.73,28.81,0.9200000000000017,3.19,81372.73,240754.763
300753.SZ,2025-10-27,29.75,30.74,29.75,30.28,29.73,0.5500000000000007,1.85,84669.39,256928.206
300753.SZ,2025-10-28,30.2,30.37,29.81,30.2,30.28,-0.08000000000000185,-0.26,51240.99,154114.116
300753.SZ,2025-10-29,30.35,30.85,29.82,30.56,30.2,0.35999999999999943,1.19,75547.32,230193.529
300753.SZ,2025-10-30,30.5,31.68,30.4,30.98,30.56,0.4200000000000017,1.37,111195.82,346131.037
300753.SZ,2025-10-31,30.68,31.88,30.57,31.11,30.98,0.129999999999999,0.42,88866.97,277413.175
300753.SZ,2025-11-03,32.0,32.1,30.13,30.84,31.11,-0.2699999999999996,-0.87,67685.0,208156.471
300753.SZ,2025-11-04,30.6,30.7,29.79,30.31,30.84,-0.5300000000000011,-1.72,57690.59,173842.164
300753.SZ,2025-11-05,30.01,30.97,29.88,30.08,30.31,-0.23000000000000043,-0.76,59146.59,179427.667
300753.SZ,2025-11-06,29.99,29.99,29.45,29.88,30.08,-0.1999999999999993,-0.66,45369.96,134944.834
300753.SZ,2025-11-07,29.7,29.79,28.87,28.9,29.88,-0.9800000000000004,-3.28,51279.0,149244.936
300753.SZ,2025-11-10,29.05,29.54,28.81,28.95,28.9,0.05000000000000071,0.17,30335.9,88163.619
300753.SZ,2025-11-11,28.94,28.99,28.26,28.38,28.95,-0.5700000000000003,-1.97,30577.16,87231.22
300753.SZ,2025-11-12,30.0,33.0,29.9,30.71,28.38,2.330000000000002,8.21,205620.07,643494.499
300753.SZ,2025-11-13,29.05,29.27,28.04,28.76,30.71,-1.9499999999999993,-6.35,150786.66,431238.99
300753.SZ,2025-11-14,28.26,29.6,27.89,28.68,28.76,-0.08000000000000185,-0.28,112384.95,319193.535
300753.SZ,2025-11-17,28.03,28.16,27.71,27.82,28.68,-0.8599999999999994,-3.0,54108.72,150881.786
300753.SZ,2025-11-18,27.7,27.74,27.08,27.24,27.82,-0.5800000000000018,-2.08,45111.38,123303.534
300753.SZ,2025-11-19,27.13,27.36,26.65,26.83,27.24,-0.41000000000000014,-1.51,32164.6,86628.33
300753.SZ,2025-11-20,26.83,26.88,25.98,26.27,26.83,-0.5599999999999987,-2.09,38806.9,102216.08
300753.SZ,2025-11-21,25.9,26.23,25.03,25.08,26.27,-1.1900000000000013,-4.53,38648.27,98320.956
300753.SZ,2025-11-24,25.1,25.94,25.0,25.82,25.08,0.740000000000002,2.95,34519.58,88269.4
300753.SZ,2025-11-25,25.87,26.37,25.7,26.11,25.82,0.28999999999999915,1.12,27863.0,72862.312
300753.SZ,2025-11-26,26.21,26.48,25.84,25.93,26.11,-0.17999999999999972,-0.69,32172.0,84139.2
300753.SZ,2025-11-27,26.0,26.36,25.81,26.09,25.93,0.16000000000000014,0.62,26543.0,69367.771
300753.SZ,2025-11-28,26.78,26.85,26.08,26.63,26.09,0.5399999999999991,2.07,40276.73,106420.623
300753.SZ,2025-12-01,26.6,27.27,26.4,27.14,26.63,0.5100000000000016,1.92,42110.88,113771.182
300753.SZ,2025-12-02,27.0,27.97,26.82,27.46,27.14,0.3200000000000003,1.18,65269.54,179151.593
300753.SZ,2025-12-03,27.86,28.04,27.52,27.98,27.46,0.5199999999999996,1.89,84373.46,234653.964
300753.SZ,2025-12-04,27.7,27.71,26.59,26.76,27.98,-1.2199999999999989,-4.36,56189.01,151192.121
300753.SZ,2025-12-05,26.76,27.57,26.68,27.19,26.76,0.4299999999999997,1.61,50671.71,137774.053
300753.SZ,2025-12-08,27.29,27.49,26.73,27.07,27.19,-0.120000000000001,-0.44,43452.2,117637.396
300753.SZ,2025-12-09,27.04,27.7,26.7,26.7,27.07,-0.370000000000001,-1.37,38893.99,105527.339
300753.SZ,2025-12-10,26.64,26.88,26.4,26.58,26.7,-0.120000000000001,-0.45,29415.97,78221.157
300753.SZ,2025-12-11,26.58,26.84,26.2,26.26,26.58,-0.31999999999999673,-1.2,33833.56,89460.648
300753.SZ,2025-12-12,26.2,26.82,26.08,26.41,26.26,0.14999999999999858,0.57,28683.95,75981.437
300753.SZ,2025-12-15,26.72,27.07,26.22,26.26,26.41,-0.14999999999999858,-0.57,27816.39,73533.988
300753.SZ,2025-12-16,26.17,26.17,25.48,25.53,26.26,-0.7300000000000004,-2.78,29748.17,76382.92
300753.SZ,2025-12-17,25.55,26.78,25.32,25.82,25.53,0.28999999999999915,1.14,52200.97,135631.725
300753.SZ,2025-12-18,25.6,26.95,25.5,26.59,25.82,0.7699999999999996,2.98,64077.99,169635.869
300753.SZ,2025-12-19,26.58,27.01,26.15,27.0,26.59,0.41000000000000014,1.54,55242.94,147031.444
300753.SZ,2025-12-22,26.71,27.12,26.41,26.85,27.0,-0.14999999999999858,-0.56,46856.27,125345.144
300753.SZ,2025-12-23,26.94,26.98,26.23,26.3,26.85,-0.5500000000000007,-2.05,31278.99,82702.796
300753.SZ,2025-12-24,26.44,28.25,26.25,27.82,26.3,1.5199999999999996,5.78,91780.96,251281.499
300753.SZ,2025-12-25,27.46,29.1,27.4,28.75,27.82,0.9299999999999997,3.34,119049.59,338321.355
300753.SZ,2025-12-26,28.7,29.28,28.11,28.38,28.75,-0.370000000000001,-1.29,59489.8,169753.51
300753.SZ,2025-12-29,28.5,29.93,28.4,28.89,28.38,0.5100000000000016,1.8,94637.1,277040.061
300753.SZ,2025-12-30,28.46,28.68,27.98,28.03,28.89,-0.8599999999999994,-2.98,65437.57,184752.201
300753.SZ,2025-12-31,27.97,28.09,27.53,27.75,28.03,-0.28000000000000114,-1.0,37116.55,103089.372
300753.SZ,2026-01-05,31.83,33.3,31.33,33.3,27.75,5.549999999999997,20.0,187920.36,615114.055
300753.SZ,2026-01-06,38.21,39.96,37.0,39.96,33.3,6.660000000000004,20.0,157369.69,618710.96
300753.SZ,2026-01-07,38.59,39.49,35.2,35.52,39.96,-4.439999999999998,-11.11,394822.76,1452746.984
300753.SZ,2026-01-08,38.0,42.62,36.05,42.62,35.52,7.099999999999994,19.99,471559.14,1883775.921
300753.SZ,2026-01-09,40.05,42.0,38.72,38.93,42.62,-3.6899999999999977,-8.66,385503.8,1539968.085
300753.SZ,2026-01-12,39.66,44.0,39.66,43.19,38.93,4.259999999999998,10.94,356039.27,1501951.206
300753.SZ,2026-01-13,43.51,44.12,39.09,39.78,43.19,-3.4099999999999966,-7.9,278232.09,1126722.733
300753.SZ,2026-01-14,38.83,40.83,37.38,38.24,39.78,-1.5399999999999991,-3.87,255112.07,995197.312
300753.SZ,2026-01-15,37.0,39.04,36.22,36.75,38.24,-1.490000000000002,-3.9,152982.95,569743.375
300753.SZ,2026-01-16,36.74,36.9,34.88,35.28,36.75,-1.4699999999999989,-4.0,117939.97,419512.009
300753.SZ,2026-01-19,35.8,37.05,35.5,36.08,35.28,0.7999999999999972,2.27,138269.59,502237.893
300753.SZ,2026-01-20,35.72,36.29,34.4,34.93,36.08,-1.1499999999999986,-3.19,111749.96,392278.882
300753.SZ,2026-01-21,34.4,35.58,33.93,34.61,34.93,-0.3200000000000003,-0.92,76304.3,264319.376
300753.SZ,2026-01-22,34.61,35.17,34.21,34.46,34.61,-0.14999999999999858,-0.43,74838.48,258890.097
300753.SZ,2026-01-23,35.64,36.26,34.97,35.43,34.46,0.9699999999999989,2.81,146009.7,519353.267
300753.SZ,2026-01-26,35.39,35.43,33.4,33.75,35.43,-1.6799999999999997,-4.74,115948.07,394498.576
300753.SZ,2026-01-27,33.4,34.06,32.68,33.83,33.75,0.0799999999999983,0.24,73325.34,244409.433
300753.SZ,2026-01-28,33.88,33.88,32.8,32.95,33.83,-0.8799999999999955,-2.6,58423.01,193595.936
300753.SZ,2026-01-29,32.78,34.7,32.45,33.36,32.95,0.4099999999999966,1.24,97127.02,328570.149
300753.SZ,2026-01-30,33.05,33.25,32.11,32.67,33.36,-0.6899999999999977,-2.07,59446.04,193716.856
300753.SZ,2026-02-02,32.35,33.15,32.22,32.26,32.67,-0.4100000000000037,-1.25,50297.03,164345.983
300753.SZ,2026-02-03,32.62,32.95,32.34,32.94,32.26,0.6799999999999997,2.11,49133.15,161065.496
300753.SZ,2026-02-04,32.9,33.78,32.39,33.2,32.94,0.2600000000000051,0.79,95678.45,316400.86
300753.SZ,2026-02-05,33.09,34.7,32.65,34.57,33.2,1.3699999999999974,4.13,141731.96,479616.869
300753.SZ,2026-02-06,33.5,33.56,32.01,32.31,34.57,-2.259999999999998,-6.54,120536.07,393496.8
300753.SZ,2026-02-09,32.53,34.0,32.53,33.71,32.31,1.3999999999999986,4.33,117254.88,392361.749
300753.SZ,2026-02-10,33.62,34.0,33.21,33.31,33.71,-0.3999999999999986,-1.19,55473.89,185430.105
300753.SZ,2026-02-11,33.45,33.69,32.9,32.94,33.31,-0.37000000000000455,-1.11,35585.8,118245.569
300753.SZ,2026-02-12,33.07,33.49,32.7,33.26,32.94,0.3200000000000003,0.97,42902.45,142410.367
300753.SZ,2026-02-13,33.14,34.77,33.0,34.42,33.26,1.1600000000000037,3.49,97356.37,332889.072
300753.SZ,2026-02-24,33.98,34.04,32.7,33.39,34.42,-1.0300000000000011,-2.99,63375.69,211375.277
300753.SZ,2026-02-25,33.41,34.58,33.41,33.89,33.39,0.5,1.5,59023.2,201189.305
300753.SZ,2026-02-26,33.99,33.99,33.12,33.37,33.89,-0.5200000000000031,-1.53,54593.79,182102.482
300753.SZ,2026-02-27,33.7,34.57,33.28,34.39,33.37,1.0200000000000031,3.06,84000.61,286513.131
300753.SZ,2026-03-02,33.33,34.18,32.96,33.7,34.39,-0.6899999999999977,-2.01,69472.95,232595.451
300753.SZ,2026-03-03,33.52,34.23,31.26,31.3,33.7,-2.400000000000002,-7.12,86468.82,278875.549
300753.SZ,2026-03-04,31.01,32.07,30.95,31.59,31.3,0.28999999999999915,0.93,47892.14,151018.84
300753.SZ,2026-03-05,32.28,34.16,31.66,33.18,31.59,1.5899999999999999,5.03,114428.0,380458.889
300753.SZ,2026-03-06,32.84,35.11,32.74,34.15,33.18,0.9699999999999989,2.92,139140.19,479004.7
